# name: debug
# type: sparse matrix
# nnz: 3060
# rows: 174
# columns: 174

1 1 2.84796149e-14
2 1 2.93938811e-46
3 1 -1.70832224e-54
4 1 -3.78653235e-29
5 1 -1.24587536e-05
6 1 9.20988488e-15
7 1 -8.87896874e-31
8 1 -7.09966356e-34
9 1 -7.09957357e-34
10 1 0
11 1 0
12 1 0
1 2 2.93938811e-46
2 2 2.84796149e-14
3 2 -1.34399971e-46
4 2 1.24587536e-05
5 2 -2.37887218e-19
6 2 -0.00157156999
7 2 7.09966356e-34
8 2 -8.87897158e-31
9 2 2.83833556e-37
10 2 0
11 2 0
12 2 0
1 3 -1.70832224e-54
2 3 -1.34399971e-46
3 3 2.84796149e-14
4 3 -9.20988677e-15
5 3 0.00157156999
6 3 2.37890527e-19
7 3 7.09957357e-34
8 3 2.83851376e-37
9 3 -8.87897158e-31
10 3 0
11 3 0
12 3 0
1 4 -3.78653235e-29
2 4 1.24587536e-05
3 4 -9.20988677e-15
4 4 1.74818096e+20
5 4 -1.63014116e+13
6 4 -2.20518748e+22
7 4 9.96206931e-09
8 4 -1.24587496e-05
9 4 3.99189095e-12
10 4 -8.87896874e-31
11 4 -7.09970176e-34
12 4 -7.09953536e-34
1 5 -1.24587536e-05
2 5 -2.37887218e-19
3 5 0.00157156999
4 5 -1.63014116e+13
5 5 2.78183868e+24
6 5 -1.28809726e+11
7 5 1.37153633e-05
8 5 1.04644835e-08
9 5 -0.00157155952
10 5 7.09962536e-34
11 5 -4.43954208e-31
12 5 -4.43948295e-31
1 6 9.20988488e-15
2 6 -0.00157156999
3 6 2.37890527e-19
4 6 -2.20518748e+22
5 6 -1.28809726e+11
6 6 2.78166386e+24
7 6 -1.25663367e-06
8 6 0.00157156949
9 6 -5.0238269e-10
10 6 7.09961177e-34
11 6 -4.43948295e-31
12 6 -4.4394295e-31
1 7 -8.87896874e-31
2 7 7.09966356e-34
3 7 7.09957357e-34
4 7 9.96206931e-09
5 7 1.37153633e-05
6 7 -1.25663367e-06
7 7 2.8479615e-14
8 7 -3.50581201e-46
9 7 3.67831665e-46
10 7 3.17637355e-22
11 7 124.426847
12 7 -0.0958323241
13 7 -1.26041951e-22
14 7 1.00783715e-25
15 7 1.00782437e-25
16 7 0
17 7 0
18 7 0
1 8 -7.09966356e-34
2 8 -8.87897158e-31
3 8 2.83851376e-37
4 8 -1.24587496e-05
5 8 1.04644835e-08
6 8 0.00157156949
7 8 -3.50581201e-46
8 8 2.8479615e-14
9 8 -1.90788245e-38
10 8 -124.426847
11 8 1.81341487e-14
12 8 119.799945
13 8 -1.00783715e-25
14 8 -1.26041991e-22
15 8 4.0293901e-29
16 8 0
17 8 0
18 8 0
1 9 -7.09957357e-34
2 9 2.83833556e-37
3 9 -8.87897158e-31
4 9 3.99189095e-12
5 9 -0.00157155952
6 9 -5.0238269e-10
7 9 3.67831665e-46
8 9 -1.90788245e-38
9 9 2.8479615e-14
10 9 0.0958323241
11 9 -119.799945
12 9 -1.81343655e-14
13 9 -1.00782437e-25
14 9 4.02921663e-29
15 9 -1.26041991e-22
16 9 0
17 9 0
18 9 0
1 10 0
2 10 0
3 10 0
4 10 -8.87896874e-31
5 10 7.09962536e-34
6 10 7.09961177e-34
7 10 3.17637355e-22
8 10 -124.426847
9 10 0.0958323241
10 10 1.22832434e+26
11 10 -9.10863388e+22
12 10 -1.18264751e+26
13 10 0.0994155799
14 10 124.426807
15 10 -0.095872071
16 10 -1.26041951e-22
17 10 1.00783173e-25
18 10 1.00782979e-25
1 11 0
2 11 0
3 11 0
4 11 -7.09970176e-34
5 11 -4.43954208e-31
6 11 -4.43948295e-31
7 11 124.426847
8 11 1.81341487e-14
9 11 -119.799945
10 11 -9.10863388e+22
11 11 2.36699352e+26
12 11 -9.46042664e+22
13 11 -124.330976
14 11 0.0994539101
15 11 119.899398
16 11 -1.00784257e-25
17 11 -6.30217947e-23
18 11 -6.30209554e-23
1 12 0
2 12 0
3 12 0
4 12 -7.09953536e-34
5 12 -4.43948295e-31
6 12 -4.4394295e-31
7 12 -0.0958323241
8 12 119.799945
9 12 -1.81343655e-14
10 12 -1.18264751e+26
11 12 -9.46042664e+22
12 12 1.13867064e+26
13 12 3.97452008e-05
14 12 -119.799984
15 12 -3.83285477e-05
16 12 -1.00781895e-25
17 12 -6.30209554e-23
18 12 -6.30201967e-23
7 13 -1.26041951e-22
8 13 -1.00783715e-25
9 13 -1.00782437e-25
10 13 0.0994155799
11 13 -124.330976
12 13 3.97452008e-05
13 13 2.84796151e-14
14 13 -4.59182736e-41
15 13 -1.7182722e-41
16 13 5.29395592e-22
17 13 128.996433
18 13 9.72007178e-13
19 13 -1.30804316e-22
20 13 4.33238581e-38
21 13 4.33159521e-38
22 13 0
23 13 0
24 13 0
7 14 1.00783715e-25
8 14 -1.26041991e-22
9 14 4.02921663e-29
10 14 124.426807
11 14 0.0994539101
12 14 -119.799984
13 14 -4.59182736e-41
14 14 2.84796151e-14
15 14 -3.88787008e-38
16 14 -128.996433
17 14 1.81343655e-14
18 14 119.799981
19 14 -4.3323857e-38
20 14 -1.30804316e-22
21 14 1.03064538e-37
22 14 0
23 14 0
24 14 0
7 15 1.00782437e-25
8 15 4.0293901e-29
9 15 -1.26041991e-22
10 15 -0.095872071
11 15 119.899398
12 15 -3.83285477e-05
13 15 -1.7182722e-41
14 15 -3.88787008e-38
15 15 2.84796151e-14
16 15 -9.52480716e-13
17 15 -119.799981
18 15 -1.81343655e-14
19 15 -4.33159525e-38
20 15 -6.34644263e-38
21 15 -1.30804316e-22
22 15 0
23 15 0
24 15 0
7 16 0
8 16 0
9 16 0
10 16 -1.26041951e-22
11 16 -1.00784257e-25
12 16 -1.00781895e-25
13 16 5.29395592e-22
14 16 -128.996433
15 16 -9.52480716e-13
16 16 1.27213538e+26
17 16 8.72350482e+11
18 16 -1.18144193e+26
19 16 4.27250663e-14
20 16 128.996433
21 16 8.7036693e-13
22 16 -1.30804316e-22
23 16 -5.62788775e-31
24 16 5.62795997e-31
7 17 0
8 17 0
9 17 0
10 17 1.00783173e-25
11 17 -6.30217947e-23
12 17 -6.30209554e-23
13 17 128.996433
14 17 1.81343655e-14
15 17 -119.799981
16 17 8.72350482e+11
17 17 2.3693496e+26
18 17 9.75181709e+11
19 17 -128.996433
20 17 1.00850535e-13
21 17 119.799981
22 17 -5.62788862e-31
23 17 -6.5402987e-23
24 17 -6.54021578e-23
7 18 0
8 18 0
9 18 0
10 18 1.00782979e-25
11 18 -6.30209554e-23
12 18 -6.30201967e-23
13 18 9.72007178e-13
14 18 119.799981
15 18 -1.81343655e-14
16 18 -1.18144193e+26
17 18 9.75181709e+11
18 18 1.09721422e+26
19 18 -1.01168628e-12
20 18 -119.799981
21 18 9.43938937e-14
22 18 5.62795911e-31
23 18 -6.54021578e-23
24 18 -6.54013286e-23
13 19 -1.30804316e-22
14 19 -4.3323857e-38
15 19 -4.33159525e-38
16 19 4.27250663e-14
17 19 -128.996433
18 19 -1.01168628e-12
19 19 2.84796152e-14
20 19 -1.05097385e-45
21 19 5.42143594e-46
22 19 2.11758237e-22
23 19 134.148223
24 19 9.67036461e-13
25 19 -1.3605957e-22
26 19 3.63304143e-42
27 19 -3.63387693e-42
28 19 0
29 19 0
30 19 0
13 20 4.33238581e-38
14 20 -1.30804316e-22
15 20 -6.34644263e-38
16 20 128.996433
17 20 1.00850535e-13
18 20 -119.799981
19 20 -1.05097385e-45
20 20 2.84796152e-14
21 20 -4.03950627e-38
22 20 -134.148223
23 20 1.81341487e-14
24 20 119.799958
25 20 -3.63234078e-42
26 20 -1.3605957e-22
27 20 1.07185297e-37
28 20 0
29 20 0
30 20 0
13 21 4.33159521e-38
14 21 1.03064538e-37
15 21 -1.30804316e-22
16 21 8.7036693e-13
17 21 119.799981
18 21 9.43938937e-14
19 21 5.42143594e-46
20 21 -4.03950627e-38
21 21 2.84796152e-14
22 21 -9.46730108e-13
23 21 -119.799958
24 21 -1.81341487e-14
25 21 3.63336399e-42
26 21 -6.59949247e-38
27 21 -1.3605957e-22
28 21 0
29 21 0
30 21 0
13 22 0
14 22 0
15 22 0
16 22 -1.30804316e-22
17 22 -5.62788862e-31
18 22 5.62795911e-31
19 22 2.11758237e-22
20 22 -134.148223
21 22 -9.46730108e-13
22 22 1.32263727e+26
23 22 8.33593016e+11
24 22 -1.18117024e+26
25 22 3.58104354e-18
26 22 134.148223
27 22 8.61356776e-13
28 22 -1.3605957e-22
29 22 -5.8539968e-31
30 22 5.85407102e-31
13 23 0
14 23 0
15 23 0
16 23 -5.62788775e-31
17 23 -6.5402987e-23
18 23 -6.54021578e-23
19 23 134.148223
20 23 1.81341487e-14
21 23 -119.799958
22 23 8.33593016e+11
23 23 2.37747156e+26
24 23 9.69418473e+11
25 23 -134.148223
26 23 5.81117186e-14
27 23 119.799958
28 23 -5.8539968e-31
29 23 -6.80306474e-23
30 23 -6.80297848e-23
13 24 0
14 24 0
15 24 0
16 24 5.62795997e-31
17 24 -6.54021578e-23
18 24 -6.54013286e-23
19 24 9.67036461e-13
20 24 119.799958
21 24 -1.81341487e-14
22 24 -1.18117024e+26
23 24 9.69418473e+11
24 24 1.05483428e+26
25 24 -9.67039659e-13
26 24 -119.799958
27 24 9.43761128e-14
28 24 5.85407102e-31
29 24 -6.80297848e-23
30 24 -6.80289223e-23
19 25 -1.3605957e-22
20 25 -3.63234078e-42
21 25 3.63336399e-42
22 25 3.58104354e-18
23 25 -134.148223
24 25 -9.67039659e-13
25 25 2.84796152e-14
26 25 -8.7581154e-46
27 25 1.00942572e-45
28 25 2.11758237e-22
29 25 139.731177
30 25 9.18712302e-13
31 25 -1.41751812e-22
32 25 3.58417115e-42
33 25 -3.58530134e-42
34 25 0
35 25 0
36 25 0
19 26 3.63304143e-42
20 26 -1.3605957e-22
21 26 -6.59949247e-38
22 26 134.148223
23 26 5.81117186e-14
24 26 -119.799958
25 26 -8.7581154e-46
26 26 2.84796152e-14
27 26 -4.20520477e-38
28 26 -139.731177
29 26 1.81341487e-14
30 26 119.799925
31 26 -3.58329534e-42
32 26 -1.41751812e-22
33 26 1.11650798e-37
34 26 0
35 26 0
36 26 0
19 27 -3.63387693e-42
20 27 1.07185297e-37
21 27 -1.3605957e-22
22 27 8.61356776e-13
23 27 119.799958
24 27 9.43761128e-14
25 27 1.00942572e-45
26 27 -4.20520477e-38
27 27 2.84796152e-14
28 27 -8.97560888e-13
29 27 -119.799925
30 27 -1.81343655e-14
31 27 3.58522274e-42
32 27 -6.87367165e-38
33 27 -1.41751812e-22
34 27 0
35 27 0
36 27 0
19 28 0
20 28 0
21 28 0
22 28 -1.3605957e-22
23 28 -5.8539968e-31
24 28 5.85407102e-31
25 28 2.11758237e-22
26 28 -139.731177
27 28 -8.97560888e-13
28 28 1.37739346e+26
29 28 7.58563471e+11
30 28 -1.18092209e+26
31 28 3.53212739e-18
32 28 139.731177
33 28 8.08653058e-13
34 28 -1.41751812e-22
35 28 -6.09890694e-31
36 28 6.09898426e-31
19 29 0
20 29 0
21 29 0
22 29 -5.8539968e-31
23 29 -6.80306474e-23
24 29 -6.80297848e-23
25 29 139.731177
26 29 1.81341487e-14
27 29 -119.799925
28 29 7.58563471e+11
29 29 2.38986884e+26
30 29 9.20942543e+11
31 29 -139.731177
32 29 5.80954555e-14
33 29 119.799925
34 29 -6.09890694e-31
35 29 -7.08768046e-23
36 29 -7.0875906e-23
19 30 0
20 30 0
21 30 0
22 30 5.85407102e-31
23 30 -6.80297848e-23
24 30 -6.80289223e-23
25 30 9.18712302e-13
26 30 119.799925
27 30 -1.81343655e-14
28 30 -1.18092209e+26
29 30 9.20942543e+11
30 30 1.01247538e+26
31 30 -9.18715331e-13
32 30 -119.799925
33 30 9.43607172e-14
34 30 6.09898426e-31
35 30 -7.0875906e-23
36 30 -7.08750074e-23
25 31 -1.41751812e-22
26 31 -3.58329534e-42
27 31 3.58522274e-42
28 31 3.53212739e-18
29 31 -139.731177
30 31 -9.18715331e-13
31 31 2.84796152e-14
32 31 -1.05097385e-45
33 31 1.18195001e-46
34 31 4.23516474e-22
35 31 145.801535
36 31 8.66225216e-13
37 31 -1.4793804e-22
38 31 3.53127213e-42
39 31 -3.531362e-42
40 31 0
41 31 0
42 31 0
25 32 3.58417115e-42
26 32 -1.41751812e-22
27 32 -6.87367165e-38
28 32 139.731177
29 32 5.80954555e-14
30 32 -119.799925
31 32 -1.05097385e-45
32 32 2.84796152e-14
33 32 -4.38503732e-38
34 32 -145.801535
35 32 1.81341487e-14
36 32 119.799883
37 32 -3.53022116e-42
38 32 -1.4793804e-22
39 32 1.16505883e-37
40 32 0
41 32 0
42 32 0
25 33 -3.58530134e-42
26 33 1.11650798e-37
27 33 -1.41751812e-22
28 33 8.08653058e-13
29 33 119.799925
30 33 9.43607172e-14
31 33 1.18195001e-46
32 33 -4.38503732e-38
33 33 2.84796152e-14
34 33 -8.44155258e-13
35 33 -119.799883
36 33 -1.81343655e-14
37 33 3.53123249e-42
38 33 -7.1718859e-38
39 33 -1.4793804e-22
40 33 0
41 33 0
42 33 0
25 34 0
26 34 0
27 34 0
28 34 -1.41751812e-22
29 34 -6.09890694e-31
30 34 6.09898426e-31
31 34 4.23516474e-22
32 34 -145.801535
33 34 -8.44155258e-13
34 34 1.43695885e+26
35 34 6.83594744e+11
36 34 -1.18069746e+26
37 34 3.47961135e-18
38 34 145.801535
39 34 7.51401762e-13
40 34 -1.4793804e-22
41 34 -6.36507094e-31
42 34 6.36515164e-31
25 35 0
26 35 0
27 35 0
28 35 -6.09890694e-31
29 35 -7.08768046e-23
30 35 -7.0875906e-23
31 35 145.801535
32 35 1.81341487e-14
33 35 -119.799883
34 35 6.83594744e+11
35 35 2.40709552e+26
36 35 8.68400497e+11
37 35 -145.801535
38 35 5.80813609e-14
39 35 119.799883
40 35 -6.36507094e-31
41 35 -7.39699579e-23
42 35 -7.396902e-23
25 36 0
26 36 0
27 36 0
28 36 6.09898426e-31
29 36 -7.0875906e-23
30 36 -7.08750074e-23
31 36 8.66225216e-13
32 36 119.799883
33 36 -1.81343655e-14
34 36 -1.18069746e+26
35 36 8.68400497e+11
36 36 9.7013668e+25
37 36 -8.66228075e-13
38 36 -119.799883
39 36 9.43464057e-14
40 36 6.36515164e-31
41 36 -7.396902e-23
42 36 -7.39680822e-23
31 37 -1.4793804e-22
32 37 -3.53022116e-42
33 37 3.53123249e-42
34 37 3.47961135e-18
35 37 -145.801535
36 37 -8.66228075e-13
37 37 2.84796152e-14
38 37 -8.7581154e-46
39 37 5.10238801e-46
40 37 4.23516474e-22
41 37 152.425761
42 37 8.09001764e-13
43 37 -1.54685615e-22
44 37 3.47346857e-42
45 37 -3.47425791e-42
46 37 0
47 37 0
48 37 0
31 38 3.53127213e-42
32 38 -1.4793804e-22
33 38 -7.1718859e-38
34 38 145.801535
35 38 5.80813609e-14
36 38 -119.799883
37 38 -8.7581154e-46
38 38 2.84796152e-14
39 38 -4.58083347e-38
40 38 -152.425761
41 38 1.81341487e-14
42 38 119.799831
43 38 -3.47241759e-42
44 38 -1.54685615e-22
45 38 1.21802925e-37
46 38 0
47 38 0
48 38 0
31 39 -3.531362e-42
32 39 1.16505883e-37
33 39 -1.4793804e-22
34 39 7.51401762e-13
35 39 119.799883
36 39 9.43464057e-14
37 39 5.10238801e-46
38 39 -4.58083347e-38
39 39 2.84796152e-14
40 39 -7.85929264e-13
41 39 -119.799831
42 39 -1.81341487e-14
43 39 3.47409844e-42
44 39 -7.49739968e-38
45 39 -1.54685615e-22
46 39 0
47 39 0
48 39 0
31 40 0
32 40 0
33 40 0
34 40 -1.4793804e-22
35 40 -6.36507094e-31
36 40 6.36515164e-31
37 40 4.23516474e-22
38 40 -152.425761
39 40 -7.85929264e-13
40 40 1.50198921e+26
41 40 6.08680804e+11
42 40 -1.18049635e+26
43 40 3.42158959e-18
44 40 152.425761
45 40 6.88977738e-13
46 40 -1.54685615e-22
47 40 -6.65538704e-31
48 40 6.65547142e-31
31 41 0
32 41 0
33 41 0
34 41 -6.36507094e-31
35 41 -7.39699579e-23
36 41 -7.396902e-23
37 41 152.425761
38 41 1.81341487e-14
39 41 -119.799831
40 41 6.08680804e+11
41 41 2.42980655e+26
42 41 8.11227283e+11
43 41 -152.425761
44 41 5.80683505e-14
45 41 119.799831
46 41 -6.65538704e-31
47 41 -7.73437882e-23
48 41 -7.73428076e-23
31 42 0
32 42 0
33 42 0
34 42 6.36515164e-31
35 42 -7.396902e-23
36 42 -7.39680822e-23
37 42 8.09001764e-13
38 42 119.799831
39 42 -1.81341487e-14
40 42 -1.18049635e+26
41 42 8.11227283e+11
42 42 9.27817335e+25
43 42 -8.09004454e-13
44 42 -119.799831
45 42 9.43331784e-14
46 42 6.65547142e-31
47 42 -7.73428076e-23
48 42 -7.7341827e-23
37 43 -1.54685615e-22
38 43 -3.47241759e-42
39 43 3.47409844e-42
40 43 3.42158959e-18
41 43 -152.425761
42 43 -8.09004454e-13
43 43 2.84796152e-14
44 43 -1.05097385e-45
45 43 6.20348689e-48
46 43 4.23516474e-22
47 43 159.68298
48 43 7.46359285e-13
49 43 -1.62074729e-22
50 43 3.41023498e-42
51 43 -3.41031097e-42
52 43 0
53 43 0
54 43 0
37 44 3.47346857e-42
38 44 -1.54685615e-22
39 44 -7.49739968e-38
40 44 152.425761
41 44 5.80683505e-14
42 44 -119.799831
43 44 -1.05097385e-45
44 44 2.84796152e-14
45 44 -4.79478148e-38
46 44 -159.68298
47 44 1.81341487e-14
48 44 119.79977
49 44 -3.40900884e-42
50 44 -1.62074729e-22
51 44 1.27606139e-37
52 44 0
53 44 0
54 44 0
37 45 -3.47425791e-42
38 45 1.21802925e-37
39 45 -1.54685615e-22
40 45 6.88977738e-13
41 45 119.799831
42 45 9.43331784e-14
43 45 6.20348689e-48
44 45 -4.79478148e-38
45 45 2.84796152e-14
46 45 -7.22187934e-13
47 45 -119.79977
48 45 -1.81341487e-14
49 45 3.40979117e-42
50 45 -7.85394382e-38
51 45 -1.62074729e-22
52 45 0
53 45 0
54 45 0
37 46 0
38 46 0
39 46 0
40 46 -1.54685615e-22
41 46 -6.65538704e-31
42 46 6.65547142e-31
43 46 4.23516474e-22
44 46 -159.68298
45 46 -7.22187934e-13
46 46 1.57326526e+26
47 46 5.33814575e+11
48 46 -1.18031876e+26
49 46 3.35869739e-18
50 46 159.68298
51 46 6.20635487e-13
52 46 -1.62074729e-22
53 46 -6.9733055e-31
54 46 6.97339391e-31
37 47 0
38 47 0
39 47 0
40 47 -6.65538704e-31
41 47 -7.73437882e-23
42 47 -7.73428076e-23
43 47 159.68298
44 47 1.81341487e-14
45 47 -119.79977
46 47 5.33814575e+11
47 47 2.45878177e+26
48 47 7.48749455e+11
49 47 -159.68298
50 47 5.80570748e-14
51 47 119.79977
52 47 -6.9733055e-31
53 47 -8.10383919e-23
54 47 -8.10373645e-23
37 48 0
38 48 0
39 48 0
40 48 6.65547142e-31
41 48 -7.73428076e-23
42 48 -7.7341827e-23
43 48 7.46359285e-13
44 48 119.79977
45 48 -1.81341487e-14
46 48 -1.18031876e+26
47 48 7.48749455e+11
48 48 8.85516514e+25
49 48 -7.46361806e-13
50 48 -119.79977
51 48 9.43219027e-14
52 48 6.97339391e-31
53 48 -8.10373645e-23
54 48 -8.10363371e-23
43 49 -1.62074729e-22
44 49 -3.40900884e-42
45 49 3.40979117e-42
46 49 3.35869739e-18
47 49 -159.68298
48 49 -7.46361806e-13
49 49 2.84796152e-14
50 49 -1.22613616e-45
51 49 3.90253048e-46
52 49 6.3527471e-22
53 49 167.668142
54 49 6.77478583e-13
55 49 -1.70201612e-22
56 49 3.34052038e-42
57 49 -3.34077907e-42
58 49 0
59 49 0
60 49 0
43 50 3.41023498e-42
44 50 -1.62074729e-22
45 50 -7.85394382e-38
46 50 159.68298
47 50 5.80570748e-14
48 50 -119.79977
49 50 -1.22613616e-45
50 50 2.84796152e-14
51 50 -5.02971533e-38
52 50 -167.668142
53 50 1.81341487e-14
54 50 119.7997
55 50 -3.33929424e-42
56 50 -1.70201612e-22
57 50 1.33991217e-37
58 50 0
59 50 0
60 50 0
43 51 -3.41031097e-42
44 51 1.27606139e-37
45 51 -1.62074729e-22
46 51 6.20635487e-13
47 51 119.79977
48 51 9.43219027e-14
49 51 3.90253048e-46
50 51 -5.02971533e-38
51 51 2.84796152e-14
52 51 -6.52098601e-13
53 51 -119.7997
54 51 -1.81341487e-14
55 51 3.3412562e-42
56 51 -8.24639708e-38
57 51 -1.70201612e-22
58 51 0
59 51 0
60 51 0
43 52 0
44 52 0
45 52 0
46 52 -1.62074729e-22
47 52 -6.9733055e-31
48 52 6.97339391e-31
49 52 6.3527471e-22
50 52 -167.668142
51 52 -6.52098601e-13
52 52 1.65172383e+26
53 52 4.58992124e+11
54 52 -1.18016468e+26
55 52 3.28987597e-18
56 52 167.668142
57 52 5.45482062e-13
58 52 -1.70201612e-22
59 52 -7.32296664e-31
60 52 7.32305948e-31
43 53 0
44 53 0
45 53 0
46 53 -6.9733055e-31
47 53 -8.10383919e-23
48 53 -8.10373645e-23
49 53 167.668142
50 53 1.81341487e-14
51 53 -119.7997
52 53 4.58992124e+11
53 53 2.49495721e+26
54 53 6.80158298e+11
55 53 -167.668142
56 53 5.80471001e-14
57 53 119.7997
58 53 -7.32296664e-31
59 53 -8.51018848e-23
60 53 -8.51008058e-23
43 54 0
44 54 0
45 54 0
46 54 6.97339391e-31
47 54 -8.10373645e-23
48 54 -8.10363371e-23
49 54 6.77478583e-13
50 54 119.7997
51 54 -1.81341487e-14
52 54 -1.18016468e+26
53 54 6.80158298e+11
54 54 8.4323338e+25
55 54 -6.77480934e-13
56 54 -119.7997
57 54 9.43119281e-14
58 54 7.32305948e-31
59 54 -8.51008058e-23
60 54 -8.50997269e-23
49 55 -1.70201612e-22
50 55 -3.33929424e-42
51 55 3.3412562e-42
52 55 3.28987597e-18
53 55 -167.668142
54 55 -6.77480934e-13
55 55 2.84796152e-14
56 55 -1.05097385e-45
57 55 -1.03329351e-45
58 55 8.47032947e-22
59 55 176.496186
60 55 6.01368e-13
61 55 -1.79182752e-22
62 55 3.26344896e-42
63 55 -3.26381005e-42
64 55 0
65 55 0
66 55 0
49 56 3.34052038e-42
50 56 -1.70201612e-22
51 56 -8.24639708e-38
52 56 167.668142
53 56 5.80471001e-14
54 56 -119.7997
55 56 -1.05097385e-45
56 56 2.84796152e-14
57 56 -5.28864838e-38
58 56 -176.496186
59 56 1.8133715e-14
60 56 119.79962
61 56 -3.26222282e-42
62 56 -1.79182752e-22
63 56 1.4104856e-37
64 56 0
65 56 0
66 56 0
49 57 -3.34077907e-42
50 57 1.33991217e-37
51 57 -1.70201612e-22
52 57 5.45482062e-13
53 57 119.7997
54 57 9.43119281e-14
55 57 -1.03329351e-45
56 57 -5.28864838e-38
57 57 2.84796152e-14
58 57 -5.74651871e-13
59 57 -119.79962
60 57 -1.81341487e-14
61 57 3.26333868e-42
62 57 -8.6803198e-38
63 57 -1.79182752e-22
64 57 0
65 57 0
66 57 0
49 58 0
50 58 0
51 58 0
52 58 -1.70201612e-22
53 58 -7.32296664e-31
54 58 7.32305948e-31
55 58 8.47032947e-22
56 58 -176.496186
57 58 -5.74651871e-13
58 58 1.73849901e+26
59 58 3.84206111e+11
60 58 -1.18003411e+26
61 58 3.21321949e-18
62 58 176.496186
63 58 4.62434344e-13
64 58 -1.79182752e-22
65 58 -7.70938244e-31
66 58 7.70948019e-31
49 59 0
50 59 0
51 59 0
52 59 -7.32296664e-31
53 59 -8.51018848e-23
54 59 -8.51008058e-23
55 59 176.496186
56 59 1.8133715e-14
57 59 -119.79962
58 59 3.84206111e+11
59 59 2.53946611e+26
60 59 6.0447549e+11
61 59 -176.496186
62 59 5.8039077e-14
63 59 119.79962
64 59 -7.70938244e-31
65 59 -8.95925119e-23
66 59 -8.95913761e-23
49 60 0
50 60 0
51 60 0
52 60 7.32305948e-31
53 60 -8.51008058e-23
54 60 -8.50997269e-23
55 60 6.01368e-13
56 60 119.79962
57 60 -1.81341487e-14
58 60 -1.18003411e+26
59 60 6.0447549e+11
60 60 8.00967097e+25
61 60 -6.01370181e-13
62 60 -119.79962
63 60 9.43036881e-14
64 60 7.70948019e-31
65 60 -8.95913761e-23
66 60 -8.95902402e-23
55 61 -1.79182752e-22
56 61 -3.26222282e-42
57 61 3.26333868e-42
58 61 3.21321949e-18
59 61 -176.496186
60 61 -6.01370181e-13
61 61 2.84796153e-14
62 61 -1.22613616e-45
63 61 5.02575985e-46
64 61 4.23516474e-22
65 61 186.307594
66 61 5.16815507e-13
67 61 -1.89160526e-22
68 61 3.17779459e-42
69 61 -3.17901591e-42
70 61 0
71 61 0
72 61 0
55 62 3.26344896e-42
56 62 -1.79182752e-22
57 62 -8.6803198e-38
58 62 176.496186
59 62 5.8039077e-14
60 62 -119.79962
61 62 -1.22613616e-45
62 62 2.84796153e-14
63 62 -5.57559843e-38
64 62 -186.307594
65 62 1.81341487e-14
66 62 119.79953
67 62 -3.17656846e-42
68 62 -1.89160526e-22
69 62 1.48892603e-37
70 62 0
71 62 0
72 62 0
55 63 -3.26381005e-42
56 63 1.4104856e-37
57 63 -1.79182752e-22
58 63 4.62434344e-13
59 63 119.79962
60 63 9.43036881e-14
61 63 5.02575985e-46
62 63 -5.57559843e-38
63 63 2.84796153e-14
64 63 -4.88613924e-13
65 63 -119.79953
66 63 -1.81339319e-14
67 63 3.17712653e-42
68 63 -9.16259964e-38
69 63 -1.89160526e-22
70 63 0
71 63 0
72 63 0
55 64 0
56 64 0
57 64 0
58 64 -1.79182752e-22
59 64 -7.70938244e-31
60 64 7.70948019e-31
61 64 4.23516474e-22
62 64 -186.307594
63 64 -4.88613924e-13
64 64 1.8349769e+26
65 64 3.09450244e+11
66 64 -1.17992705e+26
67 64 3.12872795e-18
68 64 186.307594
69 64 3.70168739e-13
70 64 -1.89160526e-22
71 64 -8.13867865e-31
72 64 8.13878184e-31
55 65 0
56 65 0
57 65 0
58 65 -7.70938244e-31
59 65 -8.95925119e-23
60 65 -8.95913761e-23
61 65 186.307594
62 65 1.81341487e-14
63 65 -119.79953
64 65 3.09450244e+11
65 65 2.59369373e+26
66 65 5.20505524e+11
67 65 -186.307594
68 65 5.80319213e-14
69 65 119.79953
70 65 -8.13867865e-31
71 65 -9.45814622e-23
72 65 -9.45802631e-23
55 66 0
56 66 0
57 66 0
58 66 7.70948019e-31
59 66 -8.95913761e-23
60 66 -8.95902402e-23
61 66 5.16815507e-13
62 66 119.79953
63 66 -1.81339319e-14
64 66 -1.17992705e+26
65 66 5.20505524e+11
66 66 7.58716831e+25
67 66 -5.16817519e-13
68 66 -119.79953
69 66 9.42967492e-14
70 66 8.13878184e-31
71 66 -9.45802631e-23
72 66 -9.45790639e-23
61 67 -1.89160526e-22
62 67 -3.17656846e-42
63 67 3.17712653e-42
64 67 3.12872795e-18
65 67 -186.307594
66 67 -5.16817519e-13
67 67 2.84796153e-14
68 67 -1.05097385e-45
69 67 1.05534115e-45
70 67 4.23516474e-22
71 67 197.2759
72 67 4.22323892e-13
73 67 -2.0031081e-22
74 67 3.08198081e-42
75 67 -3.08354193e-42
76 67 0
77 67 0
78 67 0
61 68 3.17779459e-42
62 68 -1.89160526e-22
63 68 -9.16259964e-38
64 68 186.307594
65 68 5.80319213e-14
66 68 -119.79953
67 68 -1.05097385e-45
68 68 2.84796153e-14
69 68 -5.89544425e-38
70 68 -197.2759
71 68 1.81341487e-14
72 68 119.799432
73 68 -3.08092984e-42
74 68 -2.0031081e-22
75 68 1.57660382e-37
76 68 0
77 68 0
78 68 0
61 69 -3.17901591e-42
62 69 1.48892603e-37
63 69 -1.89160526e-22
64 69 3.70168739e-13
65 69 119.79953
66 69 9.42967492e-14
67 69 1.05534115e-45
68 69 -5.89544425e-38
69 69 2.84796153e-14
70 69 -3.92462104e-13
71 69 -119.799432
72 69 -1.81341487e-14
73 69 3.08267106e-42
74 69 -9.70181032e-38
75 69 -2.0031081e-22
76 69 0
77 69 0
78 69 0
61 70 0
62 70 0
63 70 0
64 70 -1.89160526e-22
65 70 -8.13867865e-31
66 70 8.13878184e-31
67 70 4.23516474e-22
68 70 -197.2759
69 70 -3.92462104e-13
70 70 1.94286972e+26
71 70 2.34718757e+11
72 70 -1.1798435e+26
73 70 3.03407202e-18
74 70 197.2759
75 70 2.67052006e-13
76 70 -2.0031081e-22
77 70 -8.61842236e-31
78 70 8.61853163e-31
61 71 0
62 71 0
63 71 0
64 71 -8.13867865e-31
65 71 -9.45814622e-23
66 71 -9.45802631e-23
67 71 197.2759
68 71 1.81341487e-14
69 71 -119.799432
70 71 2.34718757e+11
71 71 2.65935147e+26
72 71 4.26770694e+11
73 71 -197.2759
74 71 5.80262834e-14
75 71 119.799432
76 71 -8.61842236e-31
77 71 -1.00156675e-22
78 71 -1.00155405e-22
61 72 0
62 72 0
63 72 0
64 72 8.13878184e-31
65 72 -9.45802631e-23
66 72 -9.45790639e-23
67 72 4.22323892e-13
68 72 119.799432
69 72 -1.81341487e-14
70 72 -1.1798435e+26
71 72 4.26770694e+11
72 72 7.16481745e+25
73 72 -4.22325735e-13
74 72 -119.799432
75 72 9.42917619e-14
76 72 8.61853163e-31
77 72 -1.00155405e-22
78 72 -1.00154135e-22
67 73 -2.0031081e-22
68 73 -3.08092984e-42
69 73 3.08267106e-42
70 73 3.03407202e-18
71 73 -197.2759
72 73 -4.22325735e-13
73 73 2.84796153e-14
74 73 -1.22613616e-45
75 73 1.74958376e-45
76 73 8.47032947e-22
77 73 209.618024
78 73 3.16021641e-13
79 73 -2.12853447e-22
80 73 2.97443115e-42
81 73 -2.97506051e-42
82 73 0
83 73 0
84 73 0
67 74 3.08198081e-42
68 74 -2.0031081e-22
69 74 -9.70181032e-38
70 74 197.2759
71 74 5.80262834e-14
72 74 -119.799432
73 74 -1.22613616e-45
74 74 2.84796153e-14
75 74 -6.25410491e-38
76 74 -209.618024
77 74 1.81343655e-14
78 74 119.799324
79 74 -2.97302985e-42
80 74 -2.12853447e-22
81 74 1.6752624e-37
82 74 0
83 74 0
84 74 0
67 75 -3.08354193e-42
68 75 1.57660382e-37
69 75 -2.0031081e-22
70 75 2.67052006e-13
71 75 119.799432
72 75 9.42917619e-14
73 75 1.74958376e-45
74 75 -6.25410491e-38
75 75 2.84796153e-14
76 75 -2.84292121e-13
77 75 -119.799324
78 75 -1.8133715e-14
79 75 2.97459165e-42
80 75 -1.03086421e-37
81 75 -2.12853447e-22
82 75 0
83 75 0
84 75 0
67 76 0
68 76 0
69 76 0
70 76 -2.0031081e-22
71 76 -8.61842236e-31
72 76 8.61853163e-31
73 76 8.47032947e-22
74 76 -209.618024
75 76 -2.84292121e-13
76 76 2.0643178e+26
77 76 1.60006668e+11
78 76 -1.17978345e+26
79 76 2.92776938e-18
80 76 209.618024
81 76 1.51042807e-13
82 76 -2.12853447e-22
83 76 -9.15807246e-31
84 76 9.15818857e-31
67 77 0
68 77 0
69 77 0
70 77 -8.61842236e-31
71 77 -1.00156675e-22
72 77 -1.00155405e-22
73 77 209.618024
74 77 1.81343655e-14
75 77 -119.799324
76 77 1.60006668e+11
77 77 2.73857881e+26
78 77 3.21424458e+11
79 77 -209.618024
80 77 5.80223803e-14
81 77 119.799324
82 77 -9.15807246e-31
83 77 -1.06428073e-22
84 77 -1.06426723e-22
67 78 0
68 78 0
69 78 0
70 78 8.61853163e-31
71 78 -1.00155405e-22
72 78 -1.00154135e-22
73 78 3.16021641e-13
74 78 119.799324
75 78 -1.8133715e-14
76 78 -1.17978345e+26
77 78 3.21424458e+11
78 78 6.74261005e+25
79 78 -3.16023315e-13
80 78 -119.799324
81 78 9.42876419e-14
82 78 9.15818857e-31
83 78 -1.06426723e-22
84 78 -1.06425374e-22
73 79 -2.12853447e-22
74 79 -2.97302985e-42
75 79 2.97459165e-42
76 79 2.92776938e-18
77 79 -209.618024
78 79 -3.16023315e-13
79 79 2.84796153e-14
80 79 -1.40129846e-45
81 79 3.69191662e-46
82 79 8.47032947e-22
83 79 223.60873
84 79 1.95538163e-13
85 79 -2.27066909e-22
86 79 2.85269335e-42
87 79 -2.85368181e-42
88 79 0
89 79 0
90 79 0
73 80 2.97443115e-42
74 80 -2.12853447e-22
75 80 -1.03086421e-37
76 80 209.618024
77 80 5.80223803e-14
78 80 -119.799324
79 80 -1.40129846e-45
80 80 2.84796153e-14
81 80 -6.6591138e-38
82 80 -223.60873
83 80 1.81339319e-14
84 80 119.799206
85 80 -2.8505914e-42
86 80 -2.27066909e-22
87 80 1.78708288e-37
88 80 0
89 80 0
90 80 0
73 81 -2.97506051e-42
74 81 1.6752624e-37
75 81 -2.12853447e-22
76 81 1.51042807e-13
77 81 119.799324
78 81 9.42876419e-14
79 81 3.69191662e-46
80 81 -6.6591138e-38
81 81 2.84796153e-14
82 81 -1.61690106e-13
83 81 -119.799206
84 81 -1.81341487e-14
85 81 2.85207616e-42
86 81 -1.09965832e-37
87 81 -2.27066909e-22
88 81 0
89 81 0
90 81 0
73 82 0
74 82 0
75 82 0
76 82 -2.12853447e-22
77 82 -9.15807246e-31
78 82 9.15818857e-31
79 82 8.47032947e-22
80 82 -223.60873
81 82 -1.61690106e-13
82 82 2.20203219e+26
83 82 8.53069005e+10
84 82 -1.17974691e+26
85 82 2.8074907e-18
86 82 223.60873
87 82 1.95512009e-14
88 82 -2.27066909e-22
89 82 -9.76961018e-31
90 82 9.76973405e-31
73 83 0
74 83 0
75 83 0
76 83 -9.15807246e-31
77 83 -1.06428073e-22
78 83 -1.06426723e-22
79 83 223.60873
80 83 1.81339319e-14
81 83 -119.799206
82 83 8.53069005e+10
83 83 2.83408597e+26
84 83 2.02127573e+11
85 83 -223.60873
86 83 5.80204287e-14
87 83 119.799206
88 83 -9.76961018e-31
89 83 -1.13534894e-22
90 83 -1.13533454e-22
73 84 0
74 84 0
75 84 0
76 84 9.15818857e-31
77 84 -1.06426723e-22
78 84 -1.06425374e-22
79 84 1.95538163e-13
80 84 119.799206
81 84 -1.81341487e-14
82 84 -1.17974691e+26
83 84 2.02127573e+11
84 84 6.32053777e+25
85 84 -1.95539668e-13
86 84 -119.799206
87 84 9.42859072e-14
88 84 9.76973405e-31
89 84 -1.13533454e-22
90 84 -1.13532015e-22
79 85 -2.27066909e-22
80 85 -2.8505914e-42
81 85 2.85207616e-42
82 85 2.8074907e-18
83 85 -223.60873
84 85 -1.95539668e-13
85 85 2.84796154e-14
86 85 -1.75162308e-45
87 85 1.27083815e-45
88 85 8.47032947e-22
89 85 239.601288
90 85 5.78255566e-14
91 85 -2.43309228e-22
92 85 2.71326415e-42
93 85 -2.7131409e-42
94 85 0
95 85 0
96 85 0
79 86 2.85269335e-42
80 86 -2.27066909e-22
81 86 -1.09965832e-37
82 86 223.60873
83 86 5.80204287e-14
84 86 -119.799206
85 86 -1.75162308e-45
86 86 2.84796154e-14
87 86 -7.12015668e-38
88 86 -239.601288
89 86 1.81343655e-14
90 86 119.799079
91 86 -2.71151253e-42
92 86 -2.43309228e-22
93 86 1.91491e-37
94 86 0
95 86 0
96 86 0
79 87 -2.85368181e-42
80 87 1.78708288e-37
81 87 -2.27066909e-22
82 87 1.95512009e-14
83 87 119.799206
84 87 9.42859072e-14
85 87 1.27083815e-45
86 87 -7.12015668e-38
87 87 2.84796154e-14
88 87 -2.1556975e-14
89 87 -119.799079
90 87 -1.81343655e-14
91 87 2.71368066e-42
92 87 -1.17830681e-37
93 87 -2.43309228e-22
94 87 0
95 87 0
96 87 0
79 88 0
80 88 0
81 88 0
82 88 -2.27066909e-22
83 88 -9.76961018e-31
84 88 9.76973405e-31
85 88 8.47032947e-22
86 88 -239.601288
87 88 -2.1556975e-14
88 88 2.35949855e+26
89 88 1.06139484e+10
90 88 -1.17973386e+26
91 88 2.67005961e-18
92 88 239.601288
93 88 -1.30746542e-13
94 88 -2.43309228e-22
95 88 -1.046844e-30
96 88 1.04685727e-30
79 89 0
80 89 0
81 89 0
82 89 -9.76961018e-31
83 89 -1.13534894e-22
84 89 -1.13533454e-22
85 89 239.601288
86 89 1.81343655e-14
87 89 -119.799079
88 89 1.06139484e+10
89 89 2.94935778e+26
90 89 6.58729861e+10
91 89 -239.601288
92 89 5.80193445e-14
93 89 119.799079
94 89 -1.046844e-30
95 89 -1.21656156e-22
96 89 -1.21654614e-22
79 90 0
80 90 0
81 90 0
82 90 9.76973405e-31
83 90 -1.13533454e-22
84 90 -1.13532015e-22
85 90 5.78255566e-14
86 90 119.799079
87 90 -1.81343655e-14
88 90 -1.17973386e+26
89 90 6.58729861e+10
90 90 5.89859227e+25
91 90 -5.78268922e-14
92 90 -119.799079
93 90 9.4284823e-14
94 90 1.04685727e-30
95 90 -1.21654614e-22
96 90 -1.21653071e-22
85 91 -2.43309228e-22
86 91 -2.71151253e-42
87 91 2.71368066e-42
88 91 2.67005961e-18
89 91 -239.601288
90 91 -5.78268922e-14
91 91 2.84796154e-14
92 91 -2.1019477e-45
93 91 1.92599425e-46
94 91 1.05879118e-21
95 91 258.057662
96 91 -1.01101899e-13
97 91 -2.62048601e-22
98 91 2.55211483e-42
99 91 -2.55263593e-42
100 91 0
101 91 0
102 91 0
85 92 2.71326415e-42
86 92 -2.43309228e-22
87 92 -1.17830681e-37
88 92 239.601288
89 92 5.80193445e-14
90 92 -119.799079
91 92 -2.1019477e-45
92 92 2.84796154e-14
93 92 -7.64968159e-38
94 92 -258.057662
95 92 1.81339319e-14
96 92 119.798942
97 92 -2.55036321e-42
98 92 -2.62048601e-22
99 92 2.06241e-37
100 92 0
101 92 0
102 92 0
85 93 -2.7131409e-42
86 93 1.91491e-37
87 93 -2.43309228e-22
88 93 -1.30746542e-13
89 93 119.799079
90 93 9.4284823e-14
91 93 1.92599425e-46
92 93 -7.64968159e-38
93 93 2.84796154e-14
94 93 1.40165223e-13
95 93 -119.798942
96 93 -1.81341487e-14
97 93 2.55249758e-42
98 93 -1.26907329e-37
99 93 -2.62048601e-22
100 93 0
101 93 0
102 93 0
85 94 0
86 94 0
87 94 0
88 94 -2.43309228e-22
89 94 -1.046844e-30
90 94 1.04685727e-30
91 94 1.05879118e-21
92 94 -258.057662
93 94 1.40165223e-13
94 94 2.54127503e+26
95 94 -6.40782172e+10
96 94 -1.17974432e+26
97 94 2.51124093e-18
98 94 258.057662
99 94 -3.04201976e-13
100 94 -2.62048601e-22
101 94 -1.12747062e-30
102 94 1.12748491e-30
85 95 0
86 95 0
87 95 0
88 95 -1.046844e-30
89 95 -1.21656156e-22
90 95 -1.21654614e-22
91 95 258.057662
92 95 1.81339319e-14
93 95 -119.798942
94 95 -6.40782172e+10
95 95 3.08895155e+26
96 95 -9.12718561e+10
97 95 -258.057662
98 95 5.80199951e-14
99 95 119.798942
100 95 -1.12747062e-30
101 95 -1.31025962e-22
102 95 -1.31024301e-22
85 96 0
86 96 0
87 96 0
88 96 1.04685727e-30
89 96 -1.21654614e-22
90 96 -1.21653071e-22
91 96 -1.01101899e-13
92 96 119.798942
93 96 -1.81341487e-14
94 96 -1.17974432e+26
95 96 -9.12718561e+10
96 96 5.4767652e+25
97 96 1.01100732e-13
98 96 -119.798942
99 96 9.42852567e-14
100 96 1.12748491e-30
101 96 -1.31024301e-22
102 96 -1.31022639e-22
91 97 -2.62048601e-22
92 97 -2.55036321e-42
93 97 2.55249758e-42
94 97 2.51124093e-18
95 97 -258.057662
96 97 1.01100732e-13
97 97 2.84796154e-14
98 97 -1.75162308e-45
99 97 -5.22937107e-46
100 97 4.23516474e-22
101 97 279.593808
102 97 -2.86558501e-13
103 97 -2.83909292e-22
104 97 2.36399051e-42
105 97 -2.36549926e-42
106 97 0
107 97 0
108 97 0
91 98 2.55211483e-42
92 98 -2.62048601e-22
93 98 -1.26907329e-37
94 98 258.057662
95 98 5.80199951e-14
96 98 -119.798942
97 98 -1.75162308e-45
98 98 2.84796154e-14
99 98 -8.26426195e-38
100 98 -279.593808
101 98 1.8133715e-14
102 98 119.798796
103 98 -2.36223889e-42
104 98 -2.83909292e-22
105 98 2.23450829e-37
106 98 0
107 98 0
108 98 0
91 99 -2.55263593e-42
92 99 2.06241e-37
93 99 -2.62048601e-22
94 99 -3.04201976e-13
95 99 119.798942
96 99 9.42852567e-14
97 99 -5.22937107e-46
98 99 -8.26426195e-38
99 99 2.84796154e-14
100 99 3.28880586e-13
101 99 -119.798796
102 99 -1.8133715e-14
103 99 2.36398119e-42
104 99 -1.37499979e-37
105 99 -2.83909292e-22
106 99 0
107 99 0
108 99 0
91 100 0
92 100 0
93 100 0
94 100 -2.62048601e-22
95 100 -1.12747062e-30
96 100 1.12748491e-30
97 100 4.23516474e-22
98 100 -279.593808
99 100 3.28880586e-13
100 100 2.7534392e+26
101 100 -1.38774577e+11
102 100 -1.17977828e+26
103 100 2.32637599e-18
104 100 279.593808
105 100 -5.06613414e-13
106 100 -2.83909292e-22
107 100 -1.22152679e-30
108 100 1.22154227e-30
91 101 0
92 101 0
93 101 0
94 101 -1.12747062e-30
95 101 -1.31025962e-22
96 101 -1.31024301e-22
97 101 279.593808
98 101 1.8133715e-14
99 101 -119.798796
100 101 -1.38774577e+11
101 101 3.25894402e+26
102 101 -2.74551276e+11
103 101 -279.593808
104 101 5.80225971e-14
105 101 119.798796
106 101 -1.22152679e-30
107 101 -1.41956446e-22
108 101 -1.41954646e-22
91 102 0
92 102 0
93 102 0
94 102 1.12748491e-30
95 102 -1.31024301e-22
96 102 -1.31022639e-22
97 102 -2.86558501e-13
98 102 119.798796
99 102 -1.8133715e-14
100 102 -1.17977828e+26
101 102 -2.74551276e+11
102 102 5.05504823e+25
103 102 2.86557504e-13
104 102 -119.798796
105 102 9.42878588e-14
106 102 1.22154227e-30
107 102 -1.41954646e-22
108 102 -1.41952846e-22
97 103 -2.83909292e-22
98 103 -2.36223889e-42
99 103 2.36398119e-42
100 103 2.32637599e-18
101 103 -279.593808
102 103 2.86557504e-13
103 103 2.84796155e-14
104 103 -1.40129846e-45
105 103 1.20202782e-45
106 103 8.47032947e-22
107 103 305.049665
108 103 -5.05791025e-13
109 103 -3.09742568e-22
110 103 2.1418847e-42
111 103 -2.14225538e-42
112 103 0
113 103 0
114 103 0
97 104 2.36399051e-42
98 104 -2.83909292e-22
99 104 -1.37499979e-37
100 104 279.593808
101 104 5.80225971e-14
102 104 -119.798796
103 104 -1.40129846e-45
104 104 2.84796155e-14
105 104 -8.98603155e-38
106 104 -305.049665
107 104 1.81334982e-14
108 104 119.798641
109 104 -2.14013308e-42
110 104 -3.09742568e-22
111 104 2.43792391e-37
112 104 0
113 104 0
114 104 0
97 105 -2.36549926e-42
98 105 2.23450829e-37
99 105 -2.83909292e-22
100 105 -5.06613414e-13
101 105 119.798796
102 105 9.42878588e-14
103 105 1.20202782e-45
104 105 -8.98603155e-38
105 105 2.84796155e-14
106 105 5.51966459e-13
107 105 -119.798641
108 105 -1.8133715e-14
109 105 2.14288926e-42
110 105 -1.50021175e-37
111 105 -3.09742568e-22
112 105 0
113 105 0
114 105 0
97 106 0
98 106 0
99 106 0
100 106 -2.83909292e-22
101 106 -1.22152679e-30
102 106 1.22154227e-30
103 106 8.47032947e-22
104 106 -305.049665
105 106 5.51966459e-13
106 106 3.00427864e+26
107 106 -2.13482996e+11
108 106 -1.17983574e+26
109 106 2.10784149e-18
110 106 305.049665
111 106 -7.45890762e-13
112 106 -3.09742568e-22
113 106 -1.3326751e-30
114 106 1.33269199e-30
97 107 0
98 107 0
99 107 0
100 107 -1.22152679e-30
101 107 -1.41956446e-22
102 107 -1.41954646e-22
103 107 305.049665
104 107 1.81334982e-14
105 107 -119.798641
106 107 -2.13482996e+11
107 107 3.46762194e+26
108 107 -4.91114267e+11
109 107 -305.049665
110 107 5.80258498e-14
111 107 119.798641
112 107 -1.3326751e-30
113 107 -1.54873247e-22
114 107 -1.54871284e-22
97 108 0
98 108 0
99 108 0
100 108 1.22154227e-30
101 108 -1.41954646e-22
102 108 -1.41952846e-22
103 108 -5.05791025e-13
104 108 119.798641
105 108 -1.8133715e-14
106 108 -1.17983574e+26
107 108 -4.91114267e+11
108 108 4.63343302e+25
109 108 5.05790197e-13
110 108 -119.798641
111 108 9.42915451e-14
112 108 1.33269199e-30
113 108 -1.54871284e-22
114 108 -1.5486932e-22
103 109 -3.09742568e-22
104 109 -2.14013308e-42
105 109 2.14288926e-42
106 109 2.10784149e-18
107 109 -305.049665
108 109 5.05790197e-13
109 109 2.84796155e-14
110 109 -2.45227231e-45
111 109 -2.23181199e-46
112 109 8.47032947e-22
113 109 335.601146
114 109 -7.68944958e-13
115 109 -3.40740203e-22
116 109 1.87563799e-42
117 109 -1.87627369e-42
118 109 0
119 109 0
120 109 0
103 110 2.1418847e-42
104 110 -3.09742568e-22
105 110 -1.50021175e-37
106 110 305.049665
107 110 5.80258498e-14
108 110 -119.798641
109 110 -2.45227231e-45
110 110 2.84796155e-14
111 110 -9.84627186e-38
112 110 -335.601146
113 110 1.8133715e-14
114 110 119.798476
115 110 -1.87318572e-42
116 110 -3.40740203e-22
117 110 2.68207001e-37
118 110 0
119 110 0
120 110 0
103 111 -2.14225538e-42
104 111 2.43792391e-37
105 111 -3.09742568e-22
106 111 -7.45890762e-13
107 111 119.798641
108 111 9.42915451e-14
109 111 -2.23181199e-46
110 111 -9.84627186e-38
111 111 2.84796155e-14
112 111 8.19745313e-13
113 111 -119.798476
114 111 -1.81339319e-14
115 111 1.87622848e-42
116 111 -1.65050628e-37
117 111 -3.40740203e-22
118 111 0
119 111 0
120 111 0
103 112 0
104 112 0
105 112 0
106 112 -3.09742568e-22
107 112 -1.3326751e-30
108 112 1.33269199e-30
109 112 8.47032947e-22
110 112 -335.601146
111 112 8.19745313e-13
112 112 3.30539597e+26
113 112 -2.88208454e+11
114 112 -1.17991671e+26
115 112 1.84526128e-18
116 112 335.601146
117 112 -1.03310676e-12
118 112 -3.40740203e-22
119 112 -1.46604319e-30
120 112 1.46606178e-30
103 113 0
104 113 0
105 113 0
106 113 -1.3326751e-30
107 113 -1.54873247e-22
108 113 -1.54871284e-22
109 113 335.601146
110 113 1.8133715e-14
111 113 -119.798476
112 113 -2.88208454e+11
113 113 3.72658709e+26
114 113 -7.5097224e+11
115 113 -335.601146
116 113 5.80308371e-14
117 113 119.798476
118 113 -1.46604319e-30
119 113 -1.70372262e-22
120 113 -1.70370102e-22
103 114 0
104 114 0
105 114 0
106 114 1.33269199e-30
107 114 -1.54871284e-22
108 114 -1.5486932e-22
109 114 -7.68944958e-13
110 114 119.798476
111 114 -1.81339319e-14
112 114 -1.17991671e+26
113 114 -7.5097224e+11
114 114 4.21191124e+25
115 114 7.68944298e-13
116 114 -119.798476
117 114 9.42969661e-14
118 114 1.46606178e-30
119 114 -1.70370102e-22
120 114 -1.70367942e-22
109 115 -3.40740203e-22
110 115 -1.87318572e-42
111 115 1.87622848e-42
112 115 1.84526128e-18
113 115 -335.601146
114 115 7.68944298e-13
115 115 2.84796156e-14
116 115 -2.1019477e-45
117 115 2.7201261e-46
118 115 8.47032947e-22
119 115 372.946795
120 115 -1.0906749e-12
121 115 -3.78623651e-22
122 115 1.54948578e-42
123 115 -1.55122119e-42
124 115 0
125 115 0
126 115 0
109 116 1.87563799e-42
110 116 -3.40740203e-22
111 116 -1.65050628e-37
112 116 335.601146
113 116 5.80308371e-14
114 116 -119.798476
115 116 -2.1019477e-45
116 116 2.84796156e-14
117 116 -1.08890352e-37
118 116 -372.946795
119 116 1.81341487e-14
120 116 119.798302
121 116 -1.54738383e-42
122 116 -3.78623651e-22
123 116 2.98047798e-37
124 116 0
125 116 0
126 116 0
109 117 -1.87627369e-42
110 117 2.68207001e-37
111 117 -3.40740203e-22
112 117 -1.03310676e-12
113 117 119.798476
114 117 9.42969661e-14
115 117 2.7201261e-46
116 117 -1.08890352e-37
117 117 2.84796156e-14
118 117 1.14712753e-12
119 117 -119.798302
120 117 -1.8133715e-14
121 117 1.5508963e-42
122 117 -1.83422749e-37
123 117 -3.78623651e-22
124 117 0
125 117 0
126 117 0
109 118 0
110 118 0
111 118 0
112 118 -3.40740203e-22
113 118 -1.46604319e-30
114 118 1.46606178e-30
115 118 8.47032947e-22
116 118 -372.946795
117 118 1.14712753e-12
118 118 3.67355054e+26
119 118 -3.6295698e+11
120 118 -1.18002118e+26
121 118 1.52423579e-18
122 118 372.946795
123 118 -1.38425382e-12
124 118 -3.78623651e-22
125 118 -1.62903767e-30
126 118 1.62905832e-30
109 119 0
110 119 0
111 119 0
112 119 -1.46604319e-30
113 119 -1.70372262e-22
114 119 -1.70370102e-22
115 119 372.946795
116 119 1.81341487e-14
117 119 -119.798302
118 119 -3.6295698e+11
119 119 4.052598e+26
120 119 -1.06858434e+12
121 119 -372.946795
122 119 5.80373423e-14
123 119 119.798302
124 119 -1.62903767e-30
125 119 -1.89314226e-22
126 119 -1.89311825e-22
109 120 0
110 120 0
111 120 0
112 120 1.46606178e-30
113 120 -1.70370102e-22
114 120 -1.70367942e-22
115 120 -1.0906749e-12
116 120 119.798302
117 120 -1.8133715e-14
118 120 -1.18002118e+26
119 120 -1.06858434e+12
120 120 3.79047456e+25
121 120 1.09067441e-12
122 120 -119.798302
123 120 9.43034713e-14
124 120 1.62905832e-30
125 120 -1.89311825e-22
126 120 -1.89309425e-22
115 121 -3.78623651e-22
116 121 -1.54738383e-42
117 121 1.5508963e-42
118 121 1.52423579e-18
119 121 -372.946795
120 121 1.09067441e-12
121 121 2.84796157e-14
122 121 -2.45227231e-45
123 121 2.57149366e-45
124 121 1.69406589e-21
125 121 419.634424
126 121 -1.49296275e-12
127 121 -4.2597509e-22
128 121 1.14240857e-42
129 121 -1.14266473e-42
130 121 0
131 121 0
132 121 0
115 122 1.54948578e-42
116 122 -3.78623651e-22
117 122 -1.83422749e-37
118 122 372.946795
119 122 5.80373423e-14
120 122 -119.798302
121 122 -2.45227231e-45
122 122 2.84796157e-14
123 122 -1.21793239e-37
124 122 -419.634424
125 122 1.81341487e-14
126 122 119.798118
127 122 -1.1399563e-42
128 122 -4.2597509e-22
129 122 3.35353098e-37
130 122 0
131 122 0
132 122 0
115 123 -1.55122119e-42
116 123 2.98047798e-37
117 123 -3.78623651e-22
118 123 -1.38425382e-12
119 123 119.798302
120 123 9.43034713e-14
121 123 2.57149366e-45
122 123 -1.21793239e-37
123 123 2.84796157e-14
124 123 1.55648237e-12
125 123 -119.798118
126 123 -1.8133715e-14
127 123 1.14226798e-42
128 123 -2.06392386e-37
129 123 -4.2597509e-22
130 123 0
131 123 0
132 123 0
115 124 0
116 124 0
117 124 0
118 124 -3.78623651e-22
119 124 -1.62903767e-30
120 124 1.62905832e-30
121 124 1.69406589e-21
122 124 -419.634424
123 124 1.55648237e-12
124 124 4.13388139e+26
125 124 -4.37734081e+11
126 124 -1.18014916e+26
127 124 1.12189514e-18
128 124 419.634424
129 124 -1.82332274e-12
130 124 -4.2597509e-22
131 124 -1.83276841e-30
132 124 1.83279165e-30
115 125 0
116 125 0
117 125 0
118 125 -1.62903767e-30
119 125 -1.89314226e-22
120 125 -1.89311825e-22
121 125 419.634424
122 125 1.81341487e-14
123 125 -119.798118
124 125 -4.37734081e+11
125 125 4.47079286e+26
126 125 -1.46564009e+12
127 125 -419.634424
128 125 5.80453654e-14
129 125 119.798118
130 125 -1.83276841e-30
131 125 -2.12990245e-22
132 125 -2.12987545e-22
115 126 0
116 126 0
117 126 0
118 126 1.62905832e-30
119 126 -1.89311825e-22
120 126 -1.89309425e-22
121 126 -1.49296275e-12
122 126 119.798118
123 126 -1.8133715e-14
124 126 -1.18014916e+26
125 126 -1.46564009e+12
126 126 3.36911465e+25
127 126 1.49296243e-12
128 126 -119.798118
129 126 9.43117112e-14
130 126 1.83279165e-30
131 126 -2.12987545e-22
132 126 -2.12984844e-22
121 127 -4.2597509e-22
122 127 -1.1399563e-42
123 127 1.14226798e-42
124 127 1.12189514e-18
125 127 -419.634424
126 127 1.49296243e-12
127 127 2.84796158e-14
128 127 -3.50324616e-45
129 127 -1.23171689e-46
130 127 1.69406589e-21
131 127 479.66774
132 127 -2.01035152e-12
133 127 -4.86852229e-22
134 127 6.18673272e-43
135 127 -6.19174228e-43
136 127 0
137 127 0
138 127 0
121 128 1.14240857e-42
122 128 -4.2597509e-22
123 128 -2.06392386e-37
124 128 419.634424
125 128 5.80453654e-14
126 128 -119.798118
127 128 -3.50324616e-45
128 128 2.84796158e-14
129 128 -1.38176548e-37
130 128 -479.66774
131 128 1.8133715e-14
132 128 119.797925
133 128 -6.15870675e-43
134 128 -4.86852229e-22
135 128 3.83319209e-37
136 128 0
137 128 0
138 128 0
121 129 -1.14266473e-42
122 129 3.35353098e-37
123 129 -4.2597509e-22
124 129 -1.82332274e-12
125 129 119.798118
126 129 9.43117112e-14
127 129 -1.23171689e-46
128 129 -1.38176548e-37
129 129 2.84796158e-14
130 129 2.08295881e-12
131 129 -119.797925
132 129 -1.8133715e-14
133 129 6.18695632e-43
134 129 -2.35929694e-37
135 129 -4.86852229e-22
136 129 0
137 129 0
138 129 0
121 130 0
122 130 0
123 130 0
124 130 -4.2597509e-22
125 130 -1.83276841e-30
126 130 1.83279165e-30
127 130 1.69406589e-21
128 130 -479.66774
129 130 2.08295881e-12
130 130 4.72589273e+26
131 130 -5.12545784e+11
132 130 -1.18030065e+26
133 130 6.0647559e-19
134 130 479.66774
135 130 -2.38801427e-12
136 130 -4.86852229e-22
137 130 -2.09469382e-30
138 130 2.09472037e-30
121 131 0
122 131 0
123 131 0
124 131 -1.83276841e-30
125 131 -2.12990245e-22
126 131 -2.12987545e-22
127 131 479.66774
128 131 1.8133715e-14
129 131 -119.797925
130 131 -5.12545784e+11
131 131 5.02067505e+26
132 131 -1.97622261e+12
133 131 -479.66774
134 131 5.80549064e-14
135 131 119.797925
136 131 -2.09469382e-30
137 131 -2.43429201e-22
138 131 -2.43426115e-22
121 132 0
122 132 0
123 132 0
124 132 1.83279165e-30
125 132 -2.12987545e-22
126 132 -2.12984844e-22
127 132 -2.01035152e-12
128 132 119.797925
129 132 -1.8133715e-14
130 132 -1.18030065e+26
131 132 -1.97622261e+12
132 132 2.94782318e+25
133 132 2.01035137e-12
134 132 -119.797925
135 132 9.43216859e-14
136 132 2.09472037e-30
137 132 -2.43426115e-22
138 132 -2.43423028e-22
127 133 -4.86852229e-22
128 133 -6.15870675e-43
129 133 6.18695632e-43
130 133 6.0647559e-19
131 133 -479.66774
132 133 2.01035137e-12
133 133 2.84796159e-14
134 133 -2.80259693e-45
135 133 6.63513839e-46
136 133 1.69406589e-21
137 133 559.719588
138 133 -2.7004129e-12
139 133 -5.68017919e-22
140 133 -7.98740125e-44
141 133 7.74678828e-44
142 133 0
143 133 0
144 133 0
127 134 6.18673272e-43
128 134 -4.86852229e-22
129 134 -2.35929694e-37
130 134 479.66774
131 134 5.80549064e-14
132 134 -119.797925
133 134 -2.80259693e-45
134 134 2.84796159e-14
135 134 -1.59676099e-37
136 134 -559.719588
137 134 1.8133715e-14
138 134 119.797723
139 134 8.26766094e-44
140 134 -5.68017919e-22
141 134 4.47277609e-37
142 134 0
143 134 0
144 134 0
127 135 -6.19174228e-43
128 135 3.83319209e-37
129 135 -4.86852229e-22
130 135 -2.38801427e-12
131 135 119.797925
132 135 9.43216859e-14
133 135 6.63513839e-46
134 135 -1.59676099e-37
135 135 2.84796159e-14
136 135 2.78513757e-12
137 135 -119.797723
138 135 -1.81334982e-14
139 135 -8.21473806e-44
140 135 -2.75318513e-37
141 135 -5.68017919e-22
142 135 0
143 135 0
144 135 0
127 136 0
128 136 0
129 136 0
130 136 -4.86852229e-22
131 136 -2.09469382e-30
132 136 2.09472037e-30
133 136 1.69406589e-21
134 136 -559.719588
135 136 2.78513757e-12
136 136 5.5154249e+26
137 136 -5.87398906e+11
138 136 -1.18047565e+26
139 136 -8.38562618e-20
140 136 559.719588
141 136 -3.14115661e-12
142 136 -5.68017919e-22
143 136 -2.44391121e-30
144 136 2.4439422e-30
127 137 0
128 137 0
129 137 0
130 137 -2.09469382e-30
131 137 -2.43429201e-22
132 137 -2.43426115e-22
133 137 559.719588
134 137 1.8133715e-14
135 137 -119.797723
136 137 -5.87398906e+11
137 137 5.76808409e+26
138 137 -2.65713733e+12
139 137 -559.719588
140 137 5.80655315e-14
141 137 119.797723
142 137 -2.44391121e-30
143 137 -2.8401256e-22
144 137 -2.84008959e-22
127 138 0
128 138 0
129 138 0
130 138 2.09472037e-30
131 138 -2.43426115e-22
132 138 -2.43423028e-22
133 138 -2.7004129e-12
134 138 119.797723
135 138 -1.81334982e-14
136 138 -1.18047565e+26
137 138 -2.65713733e+12
138 138 2.52659183e+25
139 138 2.70041292e-12
140 138 -119.797723
141 138 9.43331784e-14
142 138 2.4439422e-30
143 138 -2.84008959e-22
144 138 -2.84005359e-22
133 139 -5.68017919e-22
134 139 8.26766094e-44
135 139 -8.21473806e-44
136 139 -8.38562618e-20
137 139 -559.719588
138 139 2.70041292e-12
139 139 2.84796161e-14
140 139 -3.50324616e-45
141 139 1.10135012e-45
142 139 1.69406589e-21
143 139 671.801088
144 139 -3.66677592e-12
145 139 -6.81645288e-22
146 139 -1.05798034e-42
147 139 1.05688418e-42
148 139 0
149 139 0
150 139 0
133 140 -7.98740125e-44
134 140 -5.68017919e-22
135 140 -2.75318513e-37
136 140 559.719588
137 140 5.80655315e-14
138 140 -119.797723
139 140 -3.50324616e-45
140 140 2.84796161e-14
141 140 -1.89161033e-37
142 140 -671.801088
143 140 1.81339319e-14
144 140 119.797511
145 140 1.06218424e-42
146 140 -6.81645288e-22
147 140 5.36825828e-37
148 140 0
149 140 0
150 140 0
133 141 7.74678828e-44
134 141 4.47277609e-37
135 141 -5.68017919e-22
136 141 -3.14115661e-12
137 141 119.797723
138 141 9.43331784e-14
139 141 1.10135012e-45
140 141 -1.89161033e-37
141 141 2.84796161e-14
142 141 3.76846644e-12
143 141 -119.797511
144 141 -1.81339319e-14
145 141 -1.05668797e-42
146 141 -3.30464293e-37
147 141 -6.81645288e-22
148 141 0
149 141 0
150 141 0
133 142 0
134 142 0
135 142 0
136 142 -5.68017919e-22
137 142 -2.44391121e-30
138 142 2.4439422e-30
139 142 1.69406589e-21
140 142 -671.801088
141 142 3.76846644e-12
142 142 6.62099056e+26
143 142 -6.62298952e+11
144 142 -1.18067416e+26
145 142 -1.04608569e-18
146 142 671.801088
147 142 -4.19585026e-12
148 142 -6.81645288e-22
149 142 -2.93279579e-30
150 142 2.93283298e-30
133 143 0
134 143 0
135 143 0
136 143 -2.44391121e-30
137 143 -2.8401256e-22
138 143 -2.84008959e-22
139 143 671.801088
140 143 1.81339319e-14
141 143 -119.797511
142 143 -6.62298952e+11
143 143 6.83153178e+26
144 143 -3.61063403e+12
145 143 -671.801088
146 143 5.80774578e-14
147 143 119.797511
148 143 -2.93279579e-30
149 143 -3.40826965e-22
150 143 -3.40822644e-22
133 144 0
134 144 0
135 144 0
136 144 2.4439422e-30
137 144 -2.84008959e-22
138 144 -2.84005359e-22
139 144 -3.66677592e-12
140 144 119.797511
141 144 -1.81339319e-14
142 144 -1.18067416e+26
143 144 -3.61063403e+12
144 144 2.10541227e+25
145 144 3.6667761e-12
146 144 -119.797511
147 144 9.43461888e-14
148 144 2.93283298e-30
149 144 -3.40822644e-22
150 144 -3.40818323e-22
139 145 -6.81645288e-22
140 145 1.06218424e-42
141 145 -1.05668797e-42
142 145 -1.04608569e-18
143 145 -671.801088
144 145 3.6667761e-12
145 145 2.84796164e-14
146 145 -4.20389539e-45
147 145 9.05992399e-46
148 145 1.69406589e-21
149 145 839.934479
150 145 -5.11669869e-12
151 145 -8.52080596e-22
152 145 -2.52513983e-42
153 145 2.51953926e-42
154 145 0
155 145 0
156 145 0
139 146 -1.05798034e-42
140 146 -6.81645288e-22
141 146 -3.30464293e-37
142 146 671.801088
143 146 5.80774578e-14
144 146 -119.797511
145 146 -4.20389539e-45
146 146 2.84796164e-14
147 146 -2.32161569e-37
148 146 -839.934479
149 146 1.81339319e-14
150 146 119.797289
151 146 2.53004438e-42
152 146 -8.52080596e-22
153 146 6.711582e-37
154 146 0
155 146 0
156 146 0
139 147 1.05688418e-42
140 147 5.36825828e-37
141 147 -6.81645288e-22
142 147 -4.19585026e-12
143 147 119.797511
144 147 9.43461888e-14
145 147 9.05992399e-46
146 147 -2.32161569e-37
147 147 2.84796164e-14
148 147 5.24384008e-12
149 147 -119.797289
150 147 -1.81339319e-14
151 147 -2.52356697e-42
152 147 -4.13196596e-37
153 147 -8.52080596e-22
154 147 0
155 147 0
156 147 0
139 148 0
140 148 0
141 148 0
142 148 -6.81645288e-22
143 148 -2.93279579e-30
144 148 2.93283298e-30
145 148 1.69406589e-21
146 148 -839.934479
147 148 5.24384008e-12
148 148 8.279615e+26
149 148 -7.37251688e+11
150 148 -1.1808962e+26
151 148 -2.493665e-18
152 148 839.934479
153 148 -5.77828757e-12
154 148 -8.52080596e-22
155 148 -3.66609794e-30
156 148 3.66614442e-30
139 149 0
140 149 0
141 149 0
142 149 -2.93279579e-30
143 149 -3.40826965e-22
144 149 -3.40822644e-22
145 149 839.934479
146 149 1.81339319e-14
147 149 -119.797289
148 149 -7.37251688e+11
149 149 8.44804261e+26
150 149 -5.04121236e+12
151 149 -839.934479
152 149 5.80902514e-14
153 149 119.797289
154 149 -3.66609794e-30
155 149 -4.260457e-22
156 149 -4.26040298e-22
139 150 0
140 150 0
141 150 0
142 150 2.93283298e-30
143 150 -3.40822644e-22
144 150 -3.40818323e-22
145 150 -5.11669869e-12
146 150 119.797289
147 150 -1.81339319e-14
148 150 -1.1808962e+26
149 150 -5.04121236e+12
150 150 1.68427617e+25
151 150 5.11669904e-12
152 150 -119.797289
153 150 9.43607172e-14
154 150 3.66614442e-30
155 150 -4.26040298e-22
156 150 -4.26034897e-22
145 151 -8.52080596e-22
146 151 2.53004438e-42
147 151 -2.52356697e-42
148 151 -2.493665e-18
149 151 -839.934479
150 151 5.11669904e-12
151 151 2.84796169e-14
152 151 -7.00649232e-45
153 151 4.52008346e-45
154 151 3.38813179e-21
155 151 1120.17165
156 151 -7.53378348e-12
157 151 -1.13613178e-21
158 151 -4.97040565e-42
159 151 4.96424762e-42
160 151 0
161 151 0
162 151 0
145 152 -2.52513983e-42
146 152 -8.52080596e-22
147 152 -4.13196596e-37
148 152 839.934479
149 152 5.80902514e-14
150 152 -119.797289
151 152 -7.00649232e-45
152 152 2.84796169e-14
153 152 -3.00957835e-37
154 152 -1120.17165
155 152 1.8133715e-14
156 152 119.797058
157 152 4.97741215e-42
158 152 -1.13613178e-21
159 152 8.95045965e-37
160 152 0
161 152 0
162 152 0
145 153 2.51953926e-42
146 153 6.711582e-37
147 153 -8.52080596e-22
148 153 -5.77828757e-12
149 153 119.797289
150 153 9.43607172e-14
151 153 4.52008346e-45
152 153 -3.00957835e-37
153 153 2.84796169e-14
154 153 7.70334664e-12
155 153 -119.797058
156 153 -1.8133715e-14
157 153 -4.96795488e-42
158 153 -5.51093333e-37
159 153 -1.13613178e-21
160 153 0
161 153 0
162 153 0
145 154 0
146 154 0
147 154 0
148 154 -8.52080596e-22
149 154 -3.66609794e-30
150 154 3.66614442e-30
151 154 3.38813179e-21
152 154 -1120.17165
153 154 7.70334664e-12
154 154 1.10443573e+27
155 154 -8.12263408e+11
156 154 -1.18114176e+26
157 154 -4.9077089e-18
158 154 1120.17165
159 154 -8.41625727e-12
160 154 -1.13613178e-21
161 154 -4.88823522e-30
162 154 4.8882972e-30
145 155 0
146 155 0
147 155 0
148 155 -3.66609794e-30
149 155 -4.260457e-22
150 155 -4.26040298e-22
151 155 1120.17165
152 155 1.8133715e-14
153 155 -119.797058
154 155 -8.12263408e+11
155 155 1.11706748e+27
156 155 -7.42603846e+12
157 155 -1120.17165
158 155 5.81041291e-14
159 155 119.797058
160 155 -4.88823522e-30
161 155 -5.68073092e-22
162 155 -5.6806589e-22
145 156 0
146 156 0
147 156 0
148 156 3.66614442e-30
149 156 -4.26040298e-22
150 156 -4.26034897e-22
151 156 -7.53378348e-12
152 156 119.797058
153 156 -1.8133715e-14
154 156 -1.18114176e+26
155 156 -7.42603846e+12
156 156 1.26317522e+25
157 156 7.53378401e-12
158 156 -119.797058
159 156 9.43763297e-14
160 156 4.8882972e-30
161 156 -5.6806589e-22
162 156 -5.68058688e-22
151 157 -1.13613178e-21
152 157 4.97741215e-42
153 157 -4.96795488e-42
154 157 -4.9077089e-18
155 157 -1120.17165
156 157 7.53378401e-12
157 157 2.84796177e-14
158 157 -7.00649232e-45
159 157 7.63980927e-45
160 157 5.08219768e-21
161 157 1680.66829
162 157 -1.23688372e-11
163 157 -1.70422265e-21
164 157 5.98539876e-36
165 157 5.98534259e-36
166 157 0
167 157 0
168 157 0
151 158 -4.97040565e-42
152 158 -1.13613178e-21
153 158 -5.51093333e-37
154 158 1120.17165
155 158 5.81041291e-14
156 158 -119.797058
157 158 -7.00649232e-45
158 158 2.84796177e-14
159 158 -4.29945094e-37
160 158 -1680.66829
161 158 1.81334982e-14
162 158 119.796818
163 158 -5.98539875e-36
164 158 -1.70422265e-21
165 158 1.34284158e-36
166 158 0
167 158 0
168 158 0
151 159 4.96424762e-42
152 159 8.95045965e-37
153 159 -1.13613178e-21
154 159 -8.41625727e-12
155 159 119.797058
156 159 9.43763297e-14
157 159 7.63980927e-45
158 159 -4.29945094e-37
159 159 2.84796177e-14
160 159 1.26232393e-11
161 159 -119.796818
162 159 -1.81334982e-14
163 159 -5.98534259e-36
164 159 -8.26904027e-37
165 159 -1.70422265e-21
166 159 0
167 159 0
168 159 0
151 160 0
152 160 0
153 160 0
154 160 -1.13613178e-21
155 160 -4.88823522e-30
156 160 4.8882972e-30
157 160 5.08219768e-21
158 160 -1680.66829
159 160 1.26232393e-11
160 160 1.65743947e+27
161 160 -8.87339614e+11
162 160 -1.18141084e+26
163 160 5.90267347e-12
164 160 1680.66829
165 160 -1.36931196e-11
166 160 -1.70422265e-21
167 160 -7.33245434e-30
168 160 7.33255927e-30
151 161 0
152 161 0
153 161 0
154 161 -4.88823522e-30
155 161 -5.68073092e-22
156 161 -5.6806589e-22
157 161 1680.66829
158 161 1.81334982e-14
159 161 -119.796818
160 161 -8.87339614e+11
161 161 1.66586048e+27
162 161 -1.21966106e+13
163 161 -1680.66829
164 161 5.9608e-12
165 161 119.796818
166 161 -7.33246631e-30
167 161 -8.5212213e-22
168 161 -8.52111327e-22
151 162 0
152 162 0
153 162 0
154 162 4.8882972e-30
155 162 -5.6806589e-22
156 162 -5.68058688e-22
157 162 -1.23688372e-11
158 162 119.796818
159 162 -1.81334982e-14
160 162 -1.18141084e+26
161 162 -1.21966106e+13
162 162 8.42101089e+24
163 162 1.19480989e-11
164 162 -119.796818
165 162 9.43936769e-14
166 162 7.3325473e-30
167 162 -8.52111327e-22
168 162 -8.52100523e-22
157 163 -1.70422265e-21
158 163 -5.98539875e-36
159 163 -5.98534259e-36
160 163 5.90267347e-12
161 163 -1680.66829
162 163 1.19480989e-11
163 163 2.847962e-14
164 163 -1.68155816e-44
165 163 1.32441906e-44
166 163 6.77626358e-21
167 163 3362.20276
168 163 -2.64551561e-11
169 163 -3.4084701e-21
170 163 2.72542815e-24
171 163 2.72539359e-24
172 163 0
173 163 0
174 163 0
157 164 5.98539876e-36
158 164 -1.70422265e-21
159 164 -8.26904027e-37
160 164 1680.66829
161 164 5.9608e-12
162 164 -119.796818
163 164 -1.68155816e-44
164 164 2.847962e-14
165 164 -7.73912075e-37
166 164 -3362.20276
167 164 1.81339319e-14
168 164 119.796568
169 164 -2.72542815e-24
170 164 -3.40847119e-21
171 164 1.08964164e-27
172 164 0
173 164 0
174 164 0
157 165 5.98534259e-36
158 165 1.34284158e-36
159 165 -1.70422265e-21
160 165 -1.36931196e-11
161 165 119.796818
162 165 9.43936769e-14
163 165 1.32441906e-44
164 165 -7.73912075e-37
165 165 2.847962e-14
166 165 2.69640976e-11
167 165 -119.796568
168 165 -1.8133715e-14
169 165 -2.72539359e-24
170 165 1.08959473e-27
171 165 -3.40847119e-21
172 165 0
173 165 0
174 165 0
157 166 0
158 166 0
159 166 0
160 166 -1.70422265e-21
161 166 -7.33246631e-30
162 166 7.3325473e-30
163 166 6.77626358e-21
164 166 -3362.20276
165 166 2.69640976e-11
166 166 3.31656133e+27
167 166 -9.47699057e+11
168 166 -1.18170346e+26
169 166 2.68843085
170 166 3362.20168
171 166 -0.00107484994
172 166 -3.4084701e-21
173 166 2.72541348e-24
174 166 2.72540826e-24
157 167 0
158 167 0
159 167 0
160 167 -7.33245434e-30
161 167 -8.5212213e-22
162 167 -8.52111327e-22
163 167 3362.20276
164 167 1.81339319e-14
165 167 -119.796568
166 167 -9.47699057e+11
167 167 3.32077178e+27
168 167 -2.60953938e+13
169 167 -3362.10482
170 167 2.68839255
171 167 122.484926
172 167 -2.72544281e-24
173 167 -1.7042572e-21
174 167 -1.70423451e-21
157 168 0
158 168 0
159 168 0
160 168 7.33255927e-30
161 168 -8.52111327e-22
162 168 -8.52100523e-22
163 168 -2.64551561e-11
164 168 119.796568
165 168 -1.8133715e-14
166 168 -1.18170346e+26
167 168 -2.60953938e+13
168 168 4.21045456e+24
169 168 -0.0957898175
170 168 -119.79653
171 168 3.82973128e-05
172 168 -2.72537893e-24
173 168 -1.70423451e-21
174 168 -1.70421399e-21
163 169 -3.4084701e-21
164 169 -2.72542815e-24
165 169 -2.72539359e-24
166 169 2.68843085
167 169 -3362.10482
168 169 -0.0957898175
169 169 2.84796183e-14
170 169 -1.10202595e-39
171 169 -3.36810494e-40
172 169 0
173 169 0
174 169 0
163 170 2.72542815e-24
164 170 -3.40847119e-21
165 170 1.08959473e-27
166 170 3362.20168
167 170 2.68839255
168 170 -119.79653
169 170 -1.10202595e-39
170 170 2.84796183e-14
171 170 -5.15943297e-37
172 170 0
173 170 0
174 170 0
163 171 2.72539359e-24
164 171 1.08964164e-27
165 171 -3.40847119e-21
166 171 -0.00107484994
167 171 122.484926
168 171 3.82973128e-05
169 171 -3.36810494e-40
170 171 -5.15943297e-37
171 171 2.84796183e-14
172 171 0
173 171 0
174 171 0
163 172 0
164 172 0
165 172 0
166 172 -3.4084701e-21
167 172 -2.72544281e-24
168 172 -2.72537893e-24
169 172 0
170 172 0
171 172 0
172 172 2.84796183e-14
173 172 1.4665032e-29
174 172 -1.46652179e-29
163 173 0
164 173 0
165 173 0
166 173 2.72541348e-24
167 173 -1.7042572e-21
168 173 -1.70423451e-21
169 173 0
170 173 0
171 173 0
172 173 1.4665032e-29
173 173 2.84796166e-14
174 173 1.7042356e-21
163 174 0
164 174 0
165 174 0
166 174 2.72540826e-24
167 174 -1.70423451e-21
168 174 -1.70421399e-21
169 174 0
170 174 0
171 174 0
172 174 -1.46652179e-29
173 174 1.7042356e-21
174 174 2.84796166e-14
