1341839113.657637 0.000000000 0.000000000 0.000000000 0.000000000 0.000000000 0.000000000 1.000000000
1341839114.093617 -0.008058886 -0.002209561 -0.002266606 -0.009735277 0.000599764 0.004350850 0.999942966
1341839114.497561 -0.026566333 0.010937172 -0.001424567 -0.015143901 -0.001176260 0.003152544 0.999879663
1341839114.865530 -0.053588018 0.018802165 -0.019078079 -0.019476607 0.007612995 0.001564185 0.999780105
1341839115.233600 -0.105080255 0.035381340 -0.063503904 -0.022807967 0.018666343 0.010922052 0.999505914
1341839115.669467 -0.171526768 0.054970409 -0.095982682 -0.031932148 0.029967506 0.014541943 0.998934842
1341839116.073614 -0.253153416 0.062961432 -0.084071376 -0.028237350 0.052533830 0.031268162 0.997729999
1341839116.441448 -0.351910739 0.060118779 -0.095633798 -0.026502399 0.078905529 0.049258879 0.995311561
1341839116.809493 -0.418211681 0.055604258 -0.118309253 -0.030352233 0.083527161 0.042189425 0.995149239
1341839117.177591 -0.489963682 0.060778994 -0.132141782 -0.032570799 0.098817903 0.034749062 0.993965124
1341839117.545603 -0.611223933 0.075369406 -0.171029846 -0.037503820 0.115621400 0.048578927 0.991395604
1341839117.913581 -0.729172394 0.090144655 -0.207592483 -0.042101670 0.119312598 0.049084003 0.990748562
1341839118.285581 -0.807194478 0.089323648 -0.195316202 -0.045805018 0.124006041 0.047895650 0.990065861
1341839118.653714 -0.885755235 0.083966191 -0.180173249 -0.041416245 0.131402413 0.050831553 0.989158356
1341839119.089581 -0.995086632 0.071801848 -0.157690003 -0.048125319 0.149278908 0.062964319 0.985614152
1341839119.457571 -1.078599272 0.072871364 -0.139691137 -0.049624856 0.157454588 0.071152949 0.983708638
1341839119.825500 -1.133155382 0.069985308 -0.135632817 -0.060006091 0.159566671 0.064627114 0.983240094
1341839120.193590 -1.215433961 0.069260454 -0.116004650 -0.050771524 0.175587543 0.073997150 0.980365079
1341839120.597681 -1.331742778 0.061702916 -0.116522960 -0.053909494 0.191864326 0.092199167 0.975592723
1341839120.965555 -1.419243872 0.060816708 -0.105498623 -0.055384222 0.203940487 0.093305507 0.972951668
1341839121.333608 -1.500997991 0.044663609 -0.074445907 -0.048977138 0.197531260 0.094855971 0.974466514
1341839121.737794 -1.563893268 0.017904268 -0.029232011 -0.030015401 0.200948464 0.088823981 0.975104656
1341839122.105677 -1.632794622 -0.010540130 0.017082964 -0.025579888 0.200774251 0.080189134 0.976014894
1341839122.476666 -1.707974278 -0.029590419 0.059862289 -0.025022755 0.213568047 0.086140983 0.972801255
1341839122.941543 -1.781166688 -0.055172037 0.110134870 -0.026164250 0.211669840 0.088926342 0.972935464
1341839123.309620 -1.815553758 -0.044378149 0.134857252 -0.028844319 0.222398920 0.090504665 0.970317284
1341839123.681751 -1.858165384 -0.056387448 0.155353438 -0.026176228 0.240985744 0.089562776 0.966032704
1341839124.049634 -1.958572225 -0.072661307 0.189460990 -0.031278594 0.245677291 0.084821784 0.965126719
1341839124.485711 -2.072119985 -0.086210245 0.207330331 -0.033089051 0.244872483 0.089242298 0.964872216
1341839124.921721 -2.153568339 -0.089967269 0.223962165 -0.034664199 0.258379837 0.093486710 0.960884222
1341839125.289646 -2.205067246 -0.102452066 0.237488445 -0.037838122 0.269220264 0.083678545 0.958690058
1341839125.689599 -2.222925856 -0.115300450 0.261585221 -0.044868021 0.290791222 0.086707107 0.951792626
1341839126.057677 -2.257652565 -0.119558981 0.349168334 -0.042215761 0.292929975 0.090764776 0.950879390
1341839126.429534 -2.298276711 -0.149914086 0.410065937 -0.042346412 0.300716869 0.095015199 0.948023343
1341839126.797734 -2.317017273 -0.156230715 0.458433419 -0.033139757 0.318878313 0.095635759 0.942375817
1341839127.165684 -2.342856273 -0.183608929 0.496009361 -0.025765980 0.339731655 0.094967868 0.935360690
1341839127.533614 -2.391292143 -0.208634040 0.520752857 -0.023509090 0.368824973 0.097100768 0.924114118
1341839127.901787 -2.444591408 -0.235486966 0.603893107 -0.020017473 0.386158480 0.109021187 0.915748497
1341839128.269778 -2.484312637 -0.252848649 0.650743458 -0.020747090 0.399051225 0.120848612 0.908693178
1341839128.641615 -2.483071679 -0.272064408 0.690801913 -0.023847405 0.414111422 0.131571207 0.900351070
1341839129.009679 -2.530607917 -0.292525110 0.778057245 -0.024919905 0.429034954 0.143990957 0.891389147
1341839129.377515 -2.532840487 -0.314162467 0.856411597 -0.028475806 0.440445584 0.158912148 0.883144238
1341839129.745656 -2.527243216 -0.328458904 0.932529014 -0.029341239 0.450987398 0.164924579 0.876669460
1341839130.113580 -2.529467529 -0.361456346 0.992579210 -0.027716947 0.464486655 0.162771977 0.870051264
1341839130.517772 -2.559595299 -0.375804357 1.062470132 -0.018569277 0.485113387 0.180835436 0.855347139
1341839130.885541 -2.592845629 -0.407708932 1.132353927 -0.022023065 0.492529056 0.183556523 0.850433487
1341839131.253615 -2.647307716 -0.435287242 1.200749729 -0.020577355 0.497382778 0.189013239 0.846440158
1341839131.621822 -2.658976810 -0.454828763 1.260797125 -0.020677641 0.497298134 0.190575257 0.846137148
1341839132.025660 -2.674117400 -0.482183334 1.328801230 -0.018979293 0.502295866 0.194257701 0.842379128
1341839132.393650 -2.718583847 -0.518816494 1.389882427 -0.017895067 0.520563717 0.213267564 0.826565260
1341839132.761625 -2.737537126 -0.540265535 1.451407455 -0.019900330 0.518763509 0.214668800 0.827288163
1341839133.129508 -2.754727150 -0.561128687 1.470763265 -0.010838719 0.515199733 0.223473028 0.827352140
1341839133.501571 -2.803684878 -0.568456462 1.501303069 -0.022007055 0.520967659 0.223553501 0.823487839
1341839133.908528 -2.857306196 -0.564467826 1.563969633 -0.019883752 0.528276366 0.237878055 0.814826821
1341839134.276660 -2.891902594 -0.594232263 1.646895441 -0.018743147 0.522919580 0.232697323 0.819790073
1341839134.673530 -2.924409210 -0.659172618 1.747768959 -0.013519375 0.515797060 0.226057992 0.826237499
1341839135.042135 -2.957119578 -0.703726618 1.804091930 -0.004613369 0.527760675 0.224379693 0.819207629
1341839135.409554 -2.957659876 -0.721190330 1.861517898 -0.010981896 0.545210861 0.223355580 0.807921283
1341839135.777556 -2.949756382 -0.744010858 1.909095125 -0.005341136 0.571618171 0.225573948 0.788885628
1341839136.214507 -2.949724205 -0.767890579 1.977968733 0.003500648 0.588513234 0.229002297 0.775369504
1341839136.617613 -2.958612024 -0.796545278 2.027894568 0.005625262 0.584271948 0.232533311 0.777510712
1341839137.017616 -2.974992986 -0.809283287 2.083200733 0.006420132 0.586606429 0.232347594 0.775800409
1341839137.386256 -3.019789006 -0.846745105 2.144576678 0.010956010 0.609822484 0.244940763 0.753658097
1341839137.760497 -3.073092474 -0.864403092 2.207771809 0.002264705 0.627773322 0.246327911 0.738388845
1341839138.132550 -3.107775206 -0.878310662 2.290081824 0.002253434 0.627465762 0.249899480 0.737449584
1341839138.500623 -3.114976519 -0.895938339 2.355802804 -0.003308209 0.627630885 0.250725698 0.737024527
1341839138.868631 -3.096767716 -0.899107273 2.397633821 -0.013049081 0.641720808 0.251404503 0.724444547
1341839139.237233 -3.075852989 -0.905448316 2.442520968 -0.022427329 0.660115789 0.257670681 0.705230445
1341839139.701587 -3.062481632 -0.926392001 2.499104104 -0.031940769 0.679695700 0.261740911 0.684459815
1341839140.069602 -3.057594688 -0.942566003 2.548266920 -0.036550863 0.683436888 0.272448837 0.676276338
1341839140.437622 -3.056422481 -0.953656819 2.597436267 -0.042995335 0.693324744 0.272215166 0.665846156
1341839140.837561 -3.082398139 -0.984314770 2.684695900 -0.043857124 0.704676290 0.280682706 0.650173129
1341839141.209658 -3.087440492 -1.025555060 2.770487382 -0.043665975 0.710749171 0.278318087 0.644568027
1341839141.577526 -3.094911369 -1.050400719 2.848857095 -0.043029071 0.720500594 0.275195157 0.635055130
1341839141.977668 -3.087834592 -1.073299029 2.917378261 -0.043136488 0.724564262 0.268367283 0.633344200
1341839142.449600 -3.040473243 -1.092111313 2.985774883 -0.047690549 0.751011347 0.268705880 0.601252624
1341839142.817748 -3.019189910 -1.127747994 3.044424490 -0.049426755 0.765883332 0.271519875 0.580738044
1341839143.224815 -3.000851547 -1.149220328 3.096282224 -0.057022904 0.774144263 0.269926141 0.569727064
1341839143.621854 -2.994293733 -1.164730146 3.165862011 -0.068257052 0.778514656 0.272311936 0.561339572
1341839143.989692 -2.983102000 -1.176913316 3.232558343 -0.073188568 0.789217226 0.282653885 0.540265107
1341839144.357603 -2.949473190 -1.193309470 3.270435177 -0.073279822 0.794058464 0.286136195 0.531250695
1341839144.793602 -2.922309633 -1.206826511 3.299341527 -0.069174700 0.794178514 0.281523566 0.534078487
1341839145.161548 -2.914604012 -1.215284384 3.301172547 -0.072978621 0.793593087 0.277423264 0.536582207
