1341839113.657637 0.000000000 0.000000000 0.000000000 0.000000000 0.000000000 0.000000000 1.000000000
1341839114.093617 -0.007868223 -0.001473066 -0.002342451 -0.009887646 0.000588545 0.004285675 0.999941759
1341839114.497561 -0.026589572 0.012607373 -0.001619920 -0.015190931 -0.001109056 0.003012701 0.999879457
1341839114.865530 -0.052213969 0.020945176 -0.018959329 -0.019528164 0.007669203 0.001423666 0.999778879
1341839115.233600 -0.101266141 0.037674846 -0.062124228 -0.023038305 0.018622977 0.010859060 0.999502127
1341839115.669467 -0.165411785 0.058588767 -0.094004193 -0.032156849 0.029907278 0.014472343 0.998930450
1341839116.073614 -0.244152268 0.067733320 -0.083574553 -0.028202481 0.052435132 0.031316651 0.997734656
1341839116.441448 -0.338617527 0.064928602 -0.095772444 -0.026645903 0.078644500 0.049544498 0.995314212
1341839116.809493 -0.403013390 0.060340200 -0.117717560 -0.030610581 0.083254773 0.042524327 0.995149897
1341839117.177591 -0.471736612 0.065702165 -0.131786227 -0.032799562 0.098479848 0.035190954 0.993975606
1341839117.545603 -0.588751404 0.081188463 -0.169889611 -0.037894264 0.115138030 0.049141617 0.991409280
1341839117.913581 -0.703645284 0.096642955 -0.205162968 -0.042534584 0.118743632 0.049676773 0.990768882
1341839118.285581 -0.780211012 0.097269607 -0.193347144 -0.045989809 0.123437665 0.048452606 0.990101220
1341839118.653714 -0.856770223 0.090562628 -0.178792561 -0.041831099 0.130781951 0.051545059 0.989186205
1341839119.089581 -0.962384003 0.079436835 -0.158237724 -0.048666454 0.148416406 0.063841378 0.985661415
1341839119.457571 -1.043877059 0.081085810 -0.140995017 -0.050174265 0.156507140 0.072129441 0.983760846
1341839119.825500 -1.097204514 0.079004103 -0.137181987 -0.060579078 0.158584765 0.065591588 0.983299950
1341839120.193590 -1.176988344 0.078058264 -0.118775011 -0.051255056 0.174577148 0.075125354 0.980434557
1341839120.597681 -1.289066221 0.070966053 -0.120228986 -0.054698826 0.190578879 0.093589755 0.975668328
1341839120.965555 -1.374007851 0.070819035 -0.110091862 -0.056065625 0.202613313 0.094806676 0.973044801
1341839121.333608 -1.454981774 0.054293005 -0.078907141 -0.049589581 0.196193946 0.096318338 0.974562254
1341839121.737794 -1.517116208 0.026123657 -0.034647423 -0.030290036 0.199735874 0.090315609 0.975208278
1341839122.105677 -1.585512009 -0.003585751 0.010791775 -0.025858338 0.199668966 0.081695139 0.976109397
1341839122.476666 -1.658674750 -0.022719053 0.051545801 -0.025380316 0.212400363 0.087786112 0.972900572
1341839122.941543 -1.730929033 -0.048498888 0.100673539 -0.026621210 0.210391237 0.090607153 0.973045314
1341839123.309620 -1.764175561 -0.037465594 0.123856398 -0.029304471 0.221082451 0.092267230 0.970438332
1341839123.681751 -1.804943900 -0.049411604 0.142654030 -0.026535401 0.239750481 0.091456884 0.966152792
1341839124.049634 -1.903151609 -0.065946341 0.175896018 -0.031743127 0.244424560 0.086799814 0.965253749
1341839124.485711 -2.014187734 -0.079493502 0.193828182 -0.033693789 0.243510865 0.091263150 0.965006852
1341839124.921721 -2.093014361 -0.082449335 0.209271026 -0.035216072 0.256993876 0.095601161 0.961027780
1341839125.289646 -2.142229531 -0.094968654 0.221515688 -0.038312022 0.267787586 0.085889714 0.958876924
1341839125.689599 -2.158676260 -0.106774416 0.243046071 -0.045345793 0.289385700 0.089042444 0.951982730
1341839126.057677 -2.194071956 -0.110505420 0.328364012 -0.042458200 0.291505419 0.093045757 0.951085895
1341839126.429534 -2.233742895 -0.141594715 0.386803390 -0.042777320 0.299167400 0.097450678 0.948246979
1341839126.797734 -2.251920317 -0.147948862 0.432821950 -0.033308633 0.317468112 0.098107464 0.942591883
1341839127.165684 -2.276256681 -0.175852042 0.467609028 -0.025855129 0.338378846 0.097564747 0.935581311
1341839127.533614 -2.322128050 -0.201423094 0.488771376 -0.023760287 0.367524227 0.099913050 0.924326119
1341839127.901787 -2.373887505 -0.227248332 0.567643054 -0.020167775 0.384635972 0.111940255 0.916033738
1341839128.269778 -2.413157035 -0.245286878 0.612549334 -0.021269415 0.397604746 0.123954500 0.908896782
1341839128.641615 -2.411687592 -0.262616945 0.649136113 -0.024229507 0.412420704 0.134777989 0.900642542
1341839129.009679 -2.459176504 -0.283949681 0.733402408 -0.025677083 0.427398880 0.147437571 0.891590179
1341839129.377515 -2.461991558 -0.303198484 0.807787751 -0.028997807 0.438480114 0.162455241 0.883460589
1341839129.745656 -2.457563155 -0.317025307 0.881119571 -0.029796860 0.448981392 0.168511579 0.877001542
1341839130.113580 -2.460016404 -0.350246611 0.938453751 -0.028120992 0.462527902 0.166399620 0.870395494
1341839130.517772 -2.489844588 -0.364046899 1.004645857 -0.019015041 0.483058300 0.184637758 0.855688031
1341839130.885541 -2.522927225 -0.394274657 1.071937574 -0.022192402 0.490381724 0.187309170 0.850851654
1341839131.253615 -2.576382448 -0.424097629 1.139204086 -0.021340002 0.495347718 0.192990950 0.846717034
1341839131.621822 -2.588312971 -0.443054614 1.197884057 -0.021270483 0.495165550 0.194550169 0.846468474
1341839132.025660 -2.603571602 -0.469429254 1.263609232 -0.019343260 0.500030362 0.198206203 0.842798776
1341839132.393650 -2.647527350 -0.506994415 1.322337291 -0.018955833 0.518437374 0.217471153 0.826782718
1341839132.761625 -2.666223378 -0.528210510 1.382448180 -0.020919706 0.516472098 0.218934777 0.827578698
1341839133.129508 -2.682467610 -0.548720787 1.401509612 -0.011827641 0.512752781 0.227797725 0.827679218
1341839133.501571 -2.730763136 -0.556417620 1.431389892 -0.023333839 0.518661563 0.227939433 0.823704637
1341839133.908528 -2.784021580 -0.550865616 1.491715935 -0.021049819 0.525777164 0.242349150 0.815096417
1341839134.276660 -2.817854755 -0.581024718 1.573370378 -0.019816263 0.520307736 0.237150673 0.820150433
1341839134.673530 -2.849432622 -0.644694168 1.672381642 -0.014097666 0.513006608 0.230224582 0.826814439
1341839135.042135 -2.880772258 -0.690981267 1.727001053 -0.005508278 0.525185509 0.228671963 0.819670040
1341839135.409554 -2.882950982 -0.708192015 1.781588785 -0.011872564 0.542769280 0.227735695 0.808329762
1341839135.777556 -2.876298288 -0.732310451 1.826284927 -0.006507450 0.569493744 0.230159620 0.789088764
1341839136.214507 -2.877087587 -0.757557300 1.893043723 0.002074674 0.586640080 0.233700845 0.775392177
1341839136.617613 -2.885352568 -0.787195756 1.943156730 0.003931389 0.582458440 0.237350720 0.777426103
1341839137.017616 -2.901877411 -0.798402784 1.996516192 0.005133569 0.584625861 0.237043931 0.775884285
1341839137.386256 -2.945999845 -0.835848743 2.054587188 0.009298362 0.607977828 0.249824225 0.753567752
1341839137.760497 -2.998715385 -0.853467054 2.115269702 0.000327702 0.626105991 0.251272262 0.738141877
1341839138.132550 -3.032872746 -0.867152167 2.196140035 0.000326853 0.625731899 0.254895217 0.737216326
1341839138.500623 -3.040424127 -0.884256663 2.260906115 -0.005167959 0.625883130 0.255710673 0.736787385
1341839138.868631 -3.024224584 -0.887570045 2.301229152 -0.015068521 0.640117838 0.256407385 0.724069987
1341839139.237233 -3.005703185 -0.894362000 2.344357392 -0.024775125 0.658687950 0.262803891 0.704592430
1341839139.701587 -2.994176662 -0.915885873 2.399250122 -0.034676327 0.678531663 0.266946304 0.683470559
1341839140.069602 -2.990042129 -0.932222044 2.447747349 -0.039563870 0.682277720 0.277854777 0.675076689
1341839140.437622 -2.990099729 -0.942620975 2.495463961 -0.045862155 0.692254699 0.277565314 0.664558192
1341839140.837561 -3.015775668 -0.973024883 2.580533818 -0.046946991 0.703666639 0.286154216 0.648664016
1341839141.209658 -3.020085239 -1.014080715 2.664638134 -0.046827303 0.709857530 0.283735472 0.642964752
1341839141.577526 -3.027479039 -1.038662645 2.741063269 -0.046179727 0.719728804 0.280486038 0.633392030
1341839141.977668 -3.020131652 -1.061393520 2.808124954 -0.046214042 0.723863335 0.273532043 0.631716990
1341839142.449600 -2.976055773 -1.080270935 2.874953202 -0.050912130 0.750712250 0.273646766 0.599129803
1341839142.817748 -2.955133961 -1.116916019 2.932782874 -0.053198288 0.765859490 0.276494647 0.578082947
1341839143.224815 -2.937374174 -1.138479171 2.983894560 -0.060988038 0.774259209 0.274844611 0.566801180
1341839143.621854 -2.931149892 -1.153863704 3.052229290 -0.072393695 0.778606873 0.277340791 0.558222695
1341839143.989692 -2.920898283 -1.166149568 3.118600239 -0.077605966 0.789484345 0.287785922 0.536536155
1341839144.357603 -2.888080651 -1.182274508 3.155809444 -0.077762763 0.794354129 0.291273529 0.527365339
1341839144.793602 -2.860862136 -1.195158768 3.183990734 -0.073497264 0.794507562 0.286516353 0.530343535
1341839145.161548 -2.852838217 -1.203665198 3.185739660 -0.077350287 0.793933730 0.282389455 0.532862422
